14
WTF
0.000000, 0.000000, 0.000000
76.500000, 5.600000, 22.100000
175.055556, 17.177778, 16.122222
705.444444, 85.888889, 41.111111
4212.333333, 1564.666667, 231.333333
5744.333333, 3336.666667, 340.333333
4647.833333, 3777.700000, 279.400000
4457.500000, 5716.300000, 251.138462
2622.428571, 2299.571429, 145.032967
3376.285714, 2961.000000, 145.857143
2739.485714, 2411.428571, 142.971429
2513.981818, 2211.545455, 104.872727
2286.125874, 2784.531469, 111.573427
2005.237762, 3576.104895, 90.699301
1583.565657, 1528.262626, 82.454545
1460.797980, 1403.555556, 86.909091
1357.690909, 1298.600000, 63.490909
1178.685714, 1153.471429, 63.028571
1034.964286, 1290.178571, 52.321429
831.568182, 1693.750000, 36.068182
735.381818, 731.400000, 28.981818
707.800000, 703.044444, 35.422222
611.333333, 614.888889, 28.444444
622.000000, 612.111111, 31.222222
566.666667, 715.555556, 23.777778
502.250000, 814.125000, 23.708333
527.250000, 533.575000, 23.225000
408.961538, 417.761538, 13.861538
436.871795, 440.538462, 12.427350
387.266667, 391.400000, 8.311111
431.309091, 452.690909, 16.254545
436.090909, 584.242424, 9.101010
414.666667, 420.333333, 12.111111
505.133333, 503.733333, 17.333333
469.400000, 473.000000, 13.600000
506.466667, 507.600000, 20.400000
551.583333, 567.750000, 23.250000
649.750000, 694.535714, 25.178571
611.250000, 614.464286, 36.571429
534.178571, 541.392857, 24.500000
592.904762, 584.190476, 32.500000
601.666667, 614.666667, 30.000000
532.428571, 536.571429, 20.857143
217.038095, 240.761905, 4.009524
170.456410, 176.897436, 7.056410
151.076923, 142.769231, 5.076923
154.461538, 153.923077, 7.538462
108.538462, 104.076923, 4.461538
108.300000, 120.500000, 3.800000
102.700000, 106.875000, 7.075000
99.000000, 97.625000, 12.458333
96.000000, 99.000000, 3.666667
83.818182, 72.727273, 5.545455
79.610390, 78.415584, 4.025974
89.504762, 94.790476, 4.895238
69.066667, 73.066667, 3.533333
57.333333, 56.333333, 6.000000
64.666667, 67.666667, 8.000000
78.000000, 80.000000, 3.000000
66.636364, 61.454545, -0.727273
43.132867, 49.006993, 1.650350
59.945055, 56.109890, 2.791209
34.467532, 40.701299, 0.376623
49.918182, 48.927273, -1.790909
44.900000, 43.728571, 1.628571
34.176471, 34.894958, 0.247899
41.823529, 38.176471, 0.823529
40.533333, 36.400000, 1.266667
41.911111, 43.377778, 2.511111
37.355556, 37.755556, 0.222222
28.200000, 27.466667, 5.000000
23.454545, 25.363636, 1.727273
30.545455, 24.559441, -0.727273
14.823529, 17.018100, 0.000000
12.176471, 12.392157, 0.000000
11.562500, 9.229167, 0.812500
7.008929, 14.866071, -3.526786
14.016807, 8.630252, 0.714286
8.268908, 13.512605, 0.857143
11.809524, 6.428571, -0.857143
8.533333, 10.400000, 0.800000
11.733333, 9.533333, 0.200000
11.066667, 11.900000, 1.166667
3.357143, 5.380952, 1.833333
2.542857, 0.685714, 0.000000
7.805882, 6.511765, 0.176471
1.294118, 1.588235, 0.823529
4.200000, 3.400000, 0.600000
2.338462, 7.907692, -1.446154
2.461538, 3.392308, -0.153846
7.454545, 0.481818, 0.000000
4.083916, 5.433566, 0.000000
3.761538, 0.684615, 0.000000
0.811111, 3.811111, 0.000000
-0.111111, 4.888889, 0.000000
3.000000, -2.000000, 0.000000
4.000000, 9.000000, 0.000000
4.400000, -2.000000, 0.000000
0.800000, 1.000000, 0.000000
6.466667, 6.000000, 0.000000
