863
funny
0.000000, 0.000000, 0.000000
27.000000, 3.000000, 5.000000
77.285714, 5.714286, 4.428571
217.714286, 24.285714, 8.571429
694.300000, 86.600000, 19.500000
1884.700000, 485.400000, 54.500000
3913.100000, 2394.100000, 155.700000
4969.366667, 4527.500000, 191.633333
3853.533333, 3274.800000, 149.966667
3395.272727, 2917.781818, 97.881818
3525.727273, 3037.818182, 88.818182
3417.153846, 2958.384615, 74.230769
2408.957265, 2579.170940, 55.880342
3488.288889, 4897.044444, 89.688889
2418.225000, 2308.650000, 68.200000
2336.375000, 2213.750000, 53.000000
1542.000000, 1460.750000, 32.250000
706.000000, 669.250000, 10.750000
833.000000, 1888.000000, 22.000000
737.600000, 724.100000, 15.500000
629.900000, 629.650000, 10.812500
636.250000, 625.750000, 9.437500
600.050000, 588.300000, 6.450000
604.357895, 600.568421, 6.063158
540.842105, 794.345865, 7.308271
413.900000, 607.585714, 4.128571
323.100000, 330.966667, 6.500000
357.600000, 358.133333, 8.600000
333.400000, 344.725000, 2.950000
297.181818, 297.238636, 7.068182
315.175325, 420.422078, 10.681818
265.892857, 330.964286, 8.250000
261.750000, 265.916667, 2.250000
226.538462, 226.717949, 0.461538
161.394872, 167.548718, -1.328205
149.733333, 152.733333, 2.533333
174.833333, 229.083333, -15.166667
142.785714, 153.821429, 6.428571
131.714286, 132.428571, 4.071429
136.600000, 137.200000, 1.600000
119.282353, 123.800000, 2.870588
99.742647, 101.875000, 6.029412
84.708333, 107.125000, 2.366667
73.809524, 81.785714, -0.866667
67.107143, 66.464286, 1.750000
79.134615, 73.365385, 2.634615
49.615385, 57.384615, 0.615385
45.200000, 41.600000, 2.600000
42.175000, 50.650000, 1.775000
36.958333, 43.527778, 2.402778
36.666667, 36.222222, 0.222222
40.230769, 47.230769, 1.000000
43.169231, 45.869231, 0.000000
41.975000, 29.900000, 1.125000
26.375000, 36.250000, 0.875000
33.250000, 27.931818, 0.000000
24.357143, 22.389610, 0.214286
17.104396, 26.505495, 0.785714
30.705128, 32.756410, 0.000000
29.141026, 23.935897, 0.692308
24.328671, 29.503497, 0.307692
22.963636, 23.527273, 0.000000
23.900000, 31.450000, 1.000000
23.500000, 20.000000, 0.000000
29.538462, 23.750000, 0.000000
17.552448, 23.636364, 0.000000
22.409091, 16.863636, 0.000000
38.000000, 36.250000, 0.000000
32.214286, 42.107143, 1.142857
23.885714, 25.942857, 0.857143
35.587500, 23.137500, 0.000000
30.562500, 36.812500, 0.812500
26.426471, 25.897059, 0.363971
19.623529, 19.552941, 0.823529
9.057143, 9.657143, 0.714286
7.392857, 10.142857, 0.285714
12.283333, 16.133333, 0.733333
4.928205, 3.097436, -0.733333
3.427350, 4.213675, 1.000000
9.968254, 3.126984, 0.000000
-0.680672, 7.134454, 0.235294
3.823529, 5.405229, 1.542484
7.222222, 3.222222, 1.000000
1.601307, 7.549020, 0.222222
12.176471, 9.617647, 0.000000
1.250000, 4.750000, 0.000000
6.500000, 4.750000, 0.000000
4.805556, 5.555556, 1.555556
7.194444, 0.444444, 0.694444
1.704545, 6.545455, -0.250000
7.192513, 4.395722, 0.647059
2.452941, 3.158824, 0.352941
4.976923, 5.976923, 0.000000
-0.201923, -3.076923, 0.000000
2.894231, 8.307692, 0.000000
2.016484, -4.093407, 0.000000
2.814286, 3.485714, 0.000000
-0.725000, 6.675000, 0.000000
2.680556, -1.263889, 0.000000
0.373016, 1.746032, 0.000000
