774
pics
0.000000, 0.000000, 0.000000
18.461538, 3.769231, 4.384615
23.871795, 4.564103, 1.948718
74.416667, 14.041667, 6.791667
391.650000, 59.958333, 6.408333
2052.044444, 478.222222, 51.466667
4529.437908, 3139.267974, 148.764706
4127.784314, 3421.176471, 97.235294
3924.133333, 3331.200000, 73.200000
3442.637500, 2940.300000, 57.487500
3396.386029, 2944.147059, 58.900735
3177.009804, 2751.186275, 74.411765
2972.166667, 3302.500000, 51.000000
2653.352941, 3829.666667, 53.058824
2323.897059, 2231.875000, 51.691176
1795.883333, 1706.591667, 41.250000
1034.616667, 989.033333, 16.500000
667.250000, 646.100000, 10.166667
691.333333, 1340.400000, 11.333333
708.916667, 1035.500000, 11.000000
594.750000, 586.681818, 12.636364
580.666667, 566.151515, 11.030303
537.133333, 535.866667, 8.333333
472.366667, 466.133333, 1.833333
402.976190, 698.095238, 4.880952
387.220779, 505.753247, 8.194805
418.080808, 422.595960, 3.424242
389.255556, 382.022222, 3.066667
471.530769, 478.353846, 10.369231
366.678322, 363.027972, 7.321678
385.948052, 414.532468, 3.337662
336.051948, 481.467532, 5.571429
310.715909, 309.693182, 1.125000
307.465909, 312.579545, 1.238636
300.623377, 300.688312, 1.636364
259.885714, 252.057143, 5.000000
265.337500, 262.737500, 4.062500
287.262500, 352.529167, 2.204167
232.085714, 229.961905, 3.733333
153.285714, 161.142857, 1.000000
153.193277, 145.546218, -0.823529
147.235294, 149.882353, 0.823529
143.857143, 139.785714, 0.071429
92.253968, 117.214286, 1.373016
78.138889, 76.750000, 3.055556
75.903846, 67.711538, 1.423077
65.512821, 71.005128, 1.143590
69.039216, 68.356863, 1.050980
69.669118, 78.051471, 1.507353
63.225000, 60.725000, 1.775000
53.400000, 47.177778, 1.377778
43.000000, 52.222222, 0.222222
29.750000, 28.750000, 0.875000
41.875000, 35.312500, 0.125000
28.080882, 29.584559, 1.000000
32.294118, 34.352941, 0.000000
23.500000, 25.500000, 0.750000
28.388889, 30.833333, 0.250000
25.211111, 31.766667, 0.100000
37.900000, 27.900000, 0.900000
22.857143, 25.428571, 0.000000
22.506494, 21.935065, 0.000000
27.867133, 30.944056, 0.000000
22.769231, 22.384615, 0.000000
20.090909, 21.489510, 0.000000
20.051948, 12.675325, 0.000000
17.857143, 21.409524, 0.000000
14.750000, 18.733333, 0.000000
18.431818, 16.636364, 0.000000
31.018182, 33.763636, 0.000000
26.800000, 22.600000, 0.000000
23.240000, 25.240000, 0.160000
31.200000, 31.200000, 0.800000
3.293333, 4.960000, 0.040000
8.891667, 5.537500, 0.000000
5.610294, 8.121324, 0.176471
4.077206, 1.003676, 0.636029
2.687500, 3.937500, -0.812500
7.076923, 5.538462, 0.000000
-2.153846, 0.153846, 0.000000
2.410256, 4.307692, 0.000000
3.666667, -1.000000, 0.000000
6.875000, 6.687500, 0.000000
5.125000, 7.937500, 0.000000
0.692308, -0.317308, 0.000000
1.991903, 4.692308, 0.157895
-2.914980, 3.000000, 0.995951
8.341880, 0.000000, 1.846154
-1.777778, -2.333333, 0.000000
-2.333333, 3.333333, 0.000000
3.888889, -3.666667, 0.000000
-1.388889, 0.666667, 0.000000
4.166667, 7.000000, -0.333333
-0.791667, 1.125000, -0.666667
1.943182, -1.943182, -1.363636
4.048485, 0.284848, -0.636364
-1.077193, 5.480702, 0.000000
4.748988, 3.821862, 0.000000
-0.871795, -4.769231, 0.000000
2.000000, 4.555556, 0.000000
