949
AdviceAnimals
0.000000, 0.000000, 0.000000
13.700000, 2.000000, 2.900000
19.000000, 2.300000, 0.400000
117.716667, 10.533333, 15.033333
373.583333, 57.166667, 23.666667
1019.500000, 185.000000, 36.000000
4221.000000, 2146.500000, 181.000000
5361.227273, 4965.772727, 306.363636
4804.606061, 4175.727273, 284.303030
4294.666667, 3784.000000, 246.333333
4175.600000, 3658.400000, 243.800000
3510.400000, 3092.600000, 199.200000
2829.888889, 3511.888889, 149.222222
2667.861111, 3802.861111, 136.527778
2221.750000, 2126.416667, 116.527778
2147.973684, 2069.991228, 97.722222
1870.954887, 1804.270677, 79.142857
770.142857, 740.857143, 47.428571
715.428571, 1138.114286, 29.228571
725.666667, 1400.600000, 27.866667
686.862745, 680.470588, 24.803922
610.970588, 606.029412, 27.529412
565.000000, 564.250000, 27.750000
572.500000, 567.750000, 19.750000
575.000000, 804.500000, 22.000000
571.000000, 799.142857, 17.285714
582.714286, 585.000000, 23.214286
521.978022, 527.934066, 21.923077
309.307692, 310.923077, 22.076923
260.125000, 261.125000, 9.250000
261.875000, 358.875000, 5.750000
240.312500, 321.812500, 2.000000
266.487500, 266.587500, 3.600000
244.276923, 249.215385, 0.938462
243.692308, 245.923077, 6.384615
253.497436, 251.528205, 4.743590
185.304762, 247.647619, 4.333333
127.873016, 136.952381, 3.444444
83.555556, 85.333333, 4.222222
82.909091, 88.181818, 7.424242
84.321678, 81.818182, 4.832168
71.769231, 73.250000, 4.326923
65.923077, 83.750000, 2.750000
57.276923, 73.600000, 0.000000
47.175000, 40.650000, 0.000000
36.291667, 39.416667, 0.666667
43.333333, 47.515152, 2.424242
38.882353, 31.994652, 1.850267
36.417647, 43.623529, 0.058824
37.500000, 38.400000, 0.200000
24.366667, 27.966667, -0.200000
34.833333, 37.833333, 1.000000
35.461538, 34.000000, -0.615385
30.938462, 30.100000, 2.715385
26.200000, 23.500000, 2.300000
23.127273, 28.490909, 1.600000
25.397727, 21.159091, 2.125000
21.125000, 21.875000, 6.375000
18.527778, 18.986111, 1.388889
23.222222, 23.222222, -0.888889
40.600000, 39.466667, 3.000000
26.650000, 32.200000, 2.000000
26.750000, 24.000000, 0.000000
24.538462, 28.384615, 1.000000
24.961538, 22.915385, 2.000000
23.785714, 25.557143, 1.142857
32.252747, 31.912088, 4.087912
21.461538, 21.230769, 1.769231
21.000000, 24.250000, 0.250000
17.555556, 19.083333, 1.750000
20.694444, 19.416667, 0.250000
6.750000, 8.450000, 2.950000
11.307692, 15.953846, 4.800000
3.510490, 0.482517, -0.545455
10.023923, 3.521531, 0.545455
3.713450, 7.397661, 0.000000
5.277778, 2.777778, 0.416667
2.166667, 8.666667, 5.083333
2.800000, -0.800000, 2.500000
8.729412, 6.094118, 0.176471
-0.003096, 1.337461, 1.876161
5.873684, 3.368421, 1.347368
6.800000, 7.733333, 0.066667
5.550000, 8.266667, 0.783333
-0.250000, 0.000000, 1.750000
5.166667, 8.666667, -1.666667
6.280702, 2.280702, 2.561404
2.552632, 8.052632, 1.105263
5.700000, 3.000000, 0.900000
1.876923, 2.384615, 0.484615
0.823077, -0.184615, 3.415385
3.900000, -2.100000, 1.150000
0.472727, 3.536364, 0.050000
-0.272727, 1.363636, 0.000000
4.000000, 5.411765, 0.941176
0.916667, 0.671569, 1.058824
-2.390351, -3.135965, 0.000000
3.140351, 7.052632, 0.000000
4.976190, -2.500000, 2.000000
-0.842857, 5.500000, 0.000000
