1187
funny
0.000000, 0.000000, 0.000000
31.428571, 6.285714, 11.428571
53.380952, 13.619048, 4.714286
136.190476, 18.095238, 2.857143
327.625000, 54.875000, 3.625000
723.908333, 131.258333, 24.908333
3987.800000, 2310.866667, 165.800000
6324.333333, 5228.111111, 273.333333
5148.047619, 4507.460317, 182.190476
4586.660714, 4016.803571, 138.142857
4479.750000, 3966.750000, 137.250000
4004.708333, 3547.125000, 122.916667
3163.782051, 2977.980769, 75.525641
2865.384615, 4979.054945, 68.021978
2656.571429, 2543.428571, 71.285714
1554.428571, 1495.619048, 44.666667
1025.769231, 998.282051, 14.871795
1157.730769, 1105.134615, 15.961538
1087.863636, 1368.613636, 22.045455
930.636364, 1771.636364, 18.597403
603.583333, 596.750000, 7.940476
484.570513, 485.019231, 11.685897
435.560440, 431.159341, 9.730769
423.730159, 422.071429, 6.055556
418.355556, 512.800000, 11.244444
521.018182, 893.381818, 9.836364
463.515152, 470.484848, 6.696970
331.333333, 332.000000, 3.000000
275.633333, 275.333333, 4.066667
238.422222, 239.666667, 3.433333
186.194444, 356.166667, 1.166667
182.583333, 197.066667, 4.200000
168.653846, 169.253846, 1.338462
151.846154, 154.471154, 1.586538
149.166667, 148.541667, 4.375000
145.015152, 152.469697, -0.136364
148.363636, 173.909091, 3.545455
135.854545, 173.054545, 4.090909
109.155556, 105.844444, 2.111111
94.444444, 98.888889, 0.888889
96.000000, 96.166667, 1.375000
102.200000, 99.500000, 0.625000
101.200000, 116.000000, 1.200000
117.600000, 139.000000, 4.300000
122.000000, 120.500000, 4.500000
128.000000, 133.700000, 1.400000
120.307692, 120.107692, 3.061538
90.419580, 93.146853, 3.356643
60.439394, 62.545455, 2.181818
57.333333, 63.500000, 0.500000
54.227273, 56.772727, 1.227273
64.922727, 66.927273, 1.122727
71.850000, 68.925000, -0.850000
65.833333, 65.541667, -0.333333
58.666667, 64.333333, 1.333333
68.117647, 69.117647, 0.941176
72.415686, 79.015686, 1.525490
66.355556, 67.755556, 0.255556
50.986111, 55.361111, -0.722222
38.458333, 38.333333, 1.000000
47.452381, 48.273810, -0.928571
51.668831, 45.779221, -0.071429
39.212121, 46.696970, 0.000000
37.424242, 37.121212, 1.363636
35.545455, 36.272727, 2.636364
31.893048, 31.743316, 0.000000
27.561497, 29.983957, 1.000000
31.194805, 30.688312, 0.000000
37.259740, 32.675325, 0.000000
27.839161, 28.720280, 2.538462
24.043956, 27.604396, 2.461538
18.793651, 17.523810, 0.000000
29.777778, 30.333333, 1.000000
7.500000, 12.250000, -1.000000
11.500000, 6.250000, 0.000000
9.454545, 12.136364, 0.000000
8.545455, 5.863636, 0.000000
5.000000, 5.750000, -1.000000
8.250000, 7.416667, 0.000000
-0.821429, -0.952381, 0.714286
-0.142857, 5.571429, 0.285714
5.000000, 1.428571, 0.000000
3.380952, 8.063492, 0.000000
6.450980, -0.777778, -0.882353
7.382353, 7.500000, -0.117647
5.233333, 0.833333, 0.000000
-1.108333, 6.666667, 0.000000
5.660714, 5.142857, 1.000000
0.214286, 1.857143, 0.000000
0.147059, 2.411765, -0.882353
6.352941, 2.888235, -0.117647
0.461538, 0.546154, 0.000000
8.895604, 4.939560, 0.000000
-2.232143, 2.339286, -1.000000
8.875000, 6.986111, 0.000000
3.000000, -0.111111, 0.000000
-2.000000, 1.600000, 0.000000
0.470588, -1.952941, 0.000000
-1.756303, 3.924370, 0.000000
1.285714, 0.428571, -1.000000
