733
pics
0.000000, 0.000000, 0.000000
26.000000, 5.000000, 8.000000
352.800000, 36.800000, 55.200000
3027.866667, 850.866667, 412.800000
4654.190476, 2449.904762, 538.000000
4397.609524, 2752.561905, 486.600000
4399.783333, 3646.366667, 462.900000
4036.750000, 5613.500000, 456.500000
3942.666667, 3425.666667, 396.333333
4013.333333, 3459.333333, 360.666667
3403.777778, 2962.111111, 339.555556
3105.888889, 2702.555556, 241.777778
3074.000000, 3636.000000, 217.666667
2754.666667, 4503.466667, 215.600000
2529.777778, 2404.977778, 207.066667
2372.088889, 2278.488889, 192.533333
2052.800000, 1969.400000, 180.800000
1861.700000, 1783.300000, 152.600000
1885.300000, 2523.700000, 123.900000
1892.733333, 2587.466667, 127.833333
1452.866667, 1432.133333, 117.066667
469.200000, 457.000000, 39.200000
472.950000, 464.233333, 36.316667
426.450000, 418.166667, 36.383333
423.400000, 528.200000, 28.500000
437.458824, 905.976471, 17.788235
410.941176, 415.623529, 30.811765
393.363636, 393.018182, 34.236364
354.436364, 353.581818, 27.263636
361.866667, 360.266667, 17.766667
328.151515, 509.606061, 18.787879
318.324675, 355.298701, 17.116883
304.190476, 305.095238, 14.095238
277.435897, 272.794872, 15.564103
253.000000, 258.769231, 10.384615
285.230769, 270.769231, 8.384615
277.285714, 352.714286, 10.857143
188.428571, 213.428571, 8.285714
179.740260, 174.493506, 13.584416
208.545455, 207.030303, 13.939394
198.000000, 196.833333, 11.583333
161.769231, 164.115385, 5.826923
165.769231, 191.230769, 6.769231
146.167421, 151.977376, 7.918552
146.112299, 142.540107, 9.689840
113.931818, 113.011364, 14.420455
100.838235, 104.683824, 7.654412
87.411765, 89.941176, 2.470588
108.285714, 112.428571, -1.214286
87.168831, 89.298701, -2.422078
68.636364, 76.818182, 3.363636
48.909091, 41.954545, 1.606061
50.000000, 53.500000, 3.066667
46.769231, 49.846154, 2.830769
45.418269, 38.778846, 0.831731
38.812500, 46.875000, 0.937500
34.000000, 35.500000, 3.000000
33.428571, 30.000000, 0.857143
29.571429, 33.000000, 0.142857
29.714286, 27.571429, 0.642857
32.285714, 26.428571, 0.357143
12.000000, 26.000000, 0.000000
30.750000, 28.250000, 2.000000
28.250000, 26.416667, 0.000000
27.210526, 25.807018, 1.631579
26.789474, 25.526316, 3.368421
21.473684, 25.789474, 0.000000
33.692982, 30.043860, 0.833333
22.333333, 30.916667, 0.416667
30.071429, 31.535714, 0.607143
27.428571, 21.714286, -0.857143
23.555556, 25.888889, -0.888889
25.944444, 25.111111, -0.753968
9.590909, 12.636364, 1.733766
4.614973, 5.951872, 0.909091
6.722689, 7.411765, 0.000000
11.171429, 9.800000, 0.800000
5.650000, 0.950000, 0.200000
1.211538, 1.250000, 0.000000
3.149573, 11.333333, 1.444444
7.465812, 7.358974, -1.290598
8.323077, 1.607692, -1.153846
-2.288889, 8.588889, 2.000000
5.666667, -1.666667, -2.555556
5.585859, 5.686869, 2.737374
-0.363636, 5.973262, 4.877005
1.714286, -0.168067, 1.512605
4.978022, 3.131868, 1.428571
1.682692, 7.278846, 3.750000
2.806818, -3.761364, 1.159091
2.090909, 1.272727, 0.000000
1.111888, 6.979021, -0.370629
2.215385, -4.415385, 9.661538
4.650000, 7.800000, 4.800000
-2.750000, 1.875000, 0.000000
2.500000, -1.875000, 8.000000
0.333333, 2.857143, 2.190476
5.666667, -2.607143, 0.809524
2.636364, 6.295455, 0.545455
0.979021, 0.608392, 0.762238
