1016
funny
0.000000, 0.000000, 0.000000
12.000000, 1.000000, 3.000000
10.235294, 0.705882, 0.352941
38.264706, 5.294118, 5.147059
103.666667, 13.000000, 4.000000
289.833333, 25.000000, 8.500000
769.666667, 149.000000, 30.000000
2112.392157, 981.764706, 90.647059
4640.607843, 3257.790850, 236.464052
4036.083333, 3370.527778, 205.222222
3775.500000, 3213.416667, 148.666667
3480.204545, 3007.772727, 122.000000
3409.107955, 4438.414773, 117.062500
2891.866071, 2832.026786, 95.223214
2588.015873, 2469.396825, 90.269841
2483.305556, 2392.888889, 63.694444
2212.250000, 2125.000000, 48.750000
2031.846154, 1940.307692, 58.230769
1787.153846, 2045.254808, 52.831731
1681.636364, 2357.255682, 46.119318
1481.030303, 1441.848485, 39.151515
1540.122807, 1534.491228, 41.666667
1419.067669, 1416.842105, 34.000000
1142.142857, 1132.000000, 23.857143
501.428571, 591.500000, 12.428571
426.404762, 789.000000, 7.130952
400.166667, 397.785714, 7.797619
367.764706, 367.773109, 8.844538
322.235294, 326.941176, 7.741176
326.000000, 328.000000, 4.200000
289.923077, 325.461538, 6.153846
279.410256, 423.205128, 3.512821
228.666667, 232.666667, 2.000000
218.363636, 218.484848, 3.333333
148.350649, 146.324675, 0.428571
129.362637, 133.626374, 1.494505
131.923077, 184.980769, 0.076923
119.000000, 138.750000, 2.250000
120.000000, 126.500000, 0.750000
103.000000, 97.000000, 0.000000
77.277778, 78.833333, 0.555556
73.722222, 80.166667, 4.444444
54.500000, 70.000000, 3.000000
68.500000, 83.000000, 1.428571
47.181818, 50.272727, 0.571429
56.961039, 56.441558, 0.857143
36.766234, 41.194805, 0.688312
30.090909, 29.090909, 2.454545
24.444444, 33.555556, -0.555556
37.777778, 41.333333, -0.444444
34.316239, 35.649573, 0.769231
35.461538, 34.586538, 1.230769
31.923077, 44.259615, 11.076923
43.769231, 40.538462, 1.384615
36.196581, 44.743590, 2.816239
37.522876, 41.450980, 1.133987
37.254902, 36.715686, 2.254902
49.083333, 47.666667, 0.333333
52.522727, 54.409091, 0.363636
50.727273, 53.590909, 1.636364
41.875000, 43.375000, 1.375000
49.625000, 48.458333, 1.625000
36.500000, 38.666667, 1.000000
34.846154, 31.384615, 0.000000
31.153846, 32.615385, 0.000000
45.500000, 47.375000, 0.000000
34.500000, 37.625000, 2.000000
36.923077, 38.153846, 1.000000
31.076923, 40.846154, 0.000000
47.800000, 45.400000, 2.600000
32.866667, 28.600000, 1.400000
22.733333, 26.000000, 0.000000
27.450000, 23.850000, 0.350000
10.150000, 10.150000, 0.650000
9.500000, 13.250000, 0.000000
9.666667, 16.083333, 0.000000
8.359649, 1.245614, 0.000000
3.340351, 8.621053, 0.000000
3.633333, 5.550000, 1.000000
10.500000, 8.250000, 1.000000
7.611111, 7.111111, -1.000000
5.207071, 9.979798, 0.000000
8.813397, 0.277512, 0.315789
3.035088, 4.631579, 1.350877
3.256410, 10.076923, 0.871795
7.194570, 4.276018, 0.990950
1.882353, -2.464052, 0.248366
-0.100000, -0.388889, 0.222222
8.100000, 5.500000, 0.000000
1.777778, 6.777778, 1.888889
3.045752, 4.398693, 0.111111
-3.394958, 0.823529, 0.000000
7.371429, 2.800000, 0.000000
5.842857, 2.414286, 2.357143
-0.809524, 4.785714, -1.357143
2.023810, -4.285714, 1.428571
-0.010989, -0.868132, 0.571429
-4.846154, 5.153846, -0.916667
4.692308, 3.000000, -0.083333
5.932692, -3.500000, 0.875000
