1016
funny
0.000000, 0.000000, 0.000000
19.666667, 4.000000, 5.500000
32.333333, 2.250000, 6.000000
85.400000, 10.750000, 5.100000
214.266667, 17.444444, 10.066667
416.904762, 39.555556, 10.619048
2097.028571, 704.200000, 89.514286
4244.400000, 2787.657143, 201.485714
4462.875000, 3621.767857, 163.464286
4129.339286, 3458.946429, 147.178571
3836.785714, 3249.095238, 114.071429
3484.333333, 2992.666667, 113.333333
3086.666667, 4513.666667, 70.666667
2663.846154, 2506.692308, 70.538462
2486.153846, 2351.307692, 80.461538
2387.533333, 2257.733333, 68.200000
2114.739394, 2004.448485, 88.254545
2001.393939, 1894.484848, 49.212121
1823.333333, 2683.333333, 57.047619
1445.076923, 1554.769231, 38.670330
1300.423077, 1279.230769, 36.115385
1309.323529, 1281.705882, 22.970588
1149.176471, 1126.294118, 26.529412
1031.571429, 1022.571429, 22.428571
935.428571, 1075.761905, 22.904762
598.500000, 916.366667, 22.266667
495.000000, 499.300000, 12.150000
448.875000, 454.625000, 9.000000
482.625000, 478.375000, 10.500000
449.000000, 452.000000, 6.750000
421.333333, 493.333333, 4.666667
328.666667, 454.666667, 4.333333
294.444444, 302.222222, 4.666667
178.666667, 181.777778, 4.888889
171.658120, 163.153846, 3.829060
160.230769, 160.846154, 5.615385
148.000000, 214.000000, 3.000000
122.000000, 122.000000, 2.000000
128.900000, 132.400000, 4.300000
110.988889, 118.377778, 0.255556
94.968254, 90.936508, 2.444444
92.342857, 91.085714, -0.600000
83.976471, 98.964706, 1.658824
84.490196, 98.735294, 2.107843
76.333333, 73.500000, 1.833333
62.714286, 64.142857, 1.000000
55.848214, 49.419643, 0.937500
41.437500, 50.437500, 2.062500
41.285714, 48.857143, 0.000000
59.714286, 60.809524, 0.000000
35.000000, 43.000000, 0.666667
35.857143, 32.333333, 1.333333
50.267857, 51.375000, 1.250000
36.875000, 39.482143, 1.178571
45.000000, 46.758242, 0.032967
40.000000, 46.384615, 1.538462
60.000000, 55.000000, 0.000000
33.300000, 25.200000, 0.000000
43.161538, 51.800000, 0.538462
50.153846, 54.000000, 0.692308
54.384615, 54.000000, 0.769231
62.000000, 64.000000, 2.000000
77.333333, 77.333333, 2.166667
62.333333, 56.666667, 2.833333
29.333333, 37.000000, 0.000000
32.888889, 32.777778, 0.000000
26.611111, 27.722222, -0.500000
28.000000, 27.500000, -0.500000
33.500000, 36.250000, 0.000000
24.125000, 22.625000, 0.000000
24.808333, 20.058333, 0.000000
28.166667, 33.766667, 0.000000
34.900000, 25.300000, 0.000000
5.142857, 13.000000, 0.000000
4.857143, 5.000000, 0.000000
13.333333, 9.666667, 1.000000
4.666667, 10.645833, 0.000000
6.812500, 1.250000, 0.000000
4.330357, 13.723214, 0.000000
7.285714, 3.857143, 0.357143
6.571429, 6.857143, 0.642857
7.000000, 7.000000, 3.000000
6.500000, 4.000000, 0.000000
3.214286, 7.928571, 0.000000
6.785714, -0.428571, 0.000000
4.264706, 6.852941, 0.000000
-2.764706, 2.647059, -1.000000
4.263158, -4.526316, 0.000000
-0.439628, 6.467492, 0.000000
6.301471, 2.558824, 0.000000
1.875000, 0.500000, 0.000000
5.090909, 3.727273, 0.000000
2.601399, 6.041958, 0.000000
-0.025641, 5.452991, -0.777778
6.619048, 5.063492, 0.777778
7.847619, 9.514286, -0.266667
6.033333, 1.033333, -0.733333
0.583333, -0.333333, 0.000000
2.583333, 4.500000, 0.000000
1.166667, -2.250000, -1.000000
