88
pics
0.000000, 0.000000, 0.000000
16.470588, 2.411765, 1.470588
34.914027, 3.280543, 4.298643
132.115385, 13.307692, 4.230769
998.000000, 126.500000, 40.000000
4382.500000, 1743.357143, 189.571429
4437.000000, 3500.142857, 167.928571
3696.000000, 3817.000000, 92.722222
3302.916667, 2832.500000, 67.527778
2950.929487, 2533.346154, 58.173077
2609.953846, 2255.820513, 50.210256
2373.745455, 2066.060606, 49.866667
2044.883117, 2652.129870, 45.142857
1680.480519, 2702.142857, 42.038961
1481.535354, 1417.333333, 33.040404
1429.000000, 1362.777778, 24.000000
1417.305556, 1337.763889, 32.527778
1238.750000, 1167.625000, 21.250000
1223.625000, 1599.562500, 18.937500
1134.147727, 1652.119318, 19.880682
1007.227273, 1002.818182, 30.181818
917.833333, 924.333333, 27.333333
864.333333, 850.333333, 16.333333
844.000000, 836.666667, 15.333333
740.878788, 814.757576, 18.000000
760.300699, 1089.293706, 17.923077
718.461538, 732.846154, 12.846154
785.067308, 791.019231, 8.855769
734.196429, 722.750000, 12.517857
825.328571, 815.700000, 5.457143
905.100000, 1009.300000, 14.733333
1010.000000, 1064.500000, 16.666667
1024.000000, 1043.115385, 14.769231
1075.384615, 1077.538462, 23.307692
1087.059829, 1083.735043, 18.700855
1118.126984, 1111.825397, 23.650794
483.428571, 518.174603, 13.015873
414.285714, 454.539683, 0.555556
388.714286, 382.071429, 3.000000
327.818182, 325.590909, 2.363636
341.181818, 338.409091, 2.636364
338.200000, 343.900000, 2.400000
303.200000, 324.400000, 2.200000
223.100000, 242.700000, 1.900000
220.166667, 209.833333, 0.500000
196.333333, 199.666667, 4.400000
186.000000, 184.000000, 1.100000
147.333333, 153.000000, 1.833333
100.866667, 106.200000, 0.866667
92.400000, 85.400000, 1.800000
92.600000, 100.800000, 1.000000
104.300000, 105.100000, 0.000000
98.772727, 98.863636, 0.636364
95.727273, 93.165775, -1.695187
69.352941, 81.117647, -0.941176
85.147059, 81.852941, 1.000000
63.642857, 63.285714, 0.214286
60.857143, 63.114286, 1.085714
45.200000, 50.300000, 1.500000
39.168421, 38.642105, 1.200000
22.203008, 28.729323, 0.000000
33.928571, 37.428571, -1.500000
26.500000, 21.000000, -0.500000
22.600000, 20.400000, 0.000000
27.733333, 35.600000, 1.666667
24.555556, 23.555556, 1.333333
27.911111, 23.844444, -1.000000
29.950000, 34.600000, 1.000000
30.250000, 28.000000, 0.000000
17.500000, 22.333333, -0.166667
31.000000, 26.666667, -0.833333
18.357143, 20.285714, 0.000000
28.000000, 25.142857, 0.428571
5.848739, 11.983193, 0.571429
10.294118, 4.588235, 0.000000
1.769231, 6.923077, 1.461538
6.230769, 3.076923, 1.538462
6.444444, 7.000000, 0.000000
5.555556, 1.000000, 0.000000
2.000000, 3.800000, -1.000000
0.500000, 2.200000, 0.000000
3.250000, -1.875000, 1.000000
1.535714, 4.732143, 0.000000
-2.000000, 8.142857, -1.000000
8.464286, 4.250000, 0.000000
4.583333, 4.194444, 0.000000
2.666667, 1.698413, 0.000000
-1.571429, 3.714286, 0.000000
6.071429, -1.232143, 1.000000
2.900000, 3.975000, 0.000000
-5.900000, -0.600000, 0.000000
5.772727, -2.272727, 0.272727
-3.129870, -0.155844, 0.727273
2.493506, 0.246753, 0.000000
0.506494, 5.467532, -0.571429
3.957143, 1.314286, -0.428571
-3.233333, -3.533333, 0.000000
4.383333, -0.316667, 0.000000
-3.916667, 3.500000, -1.000000
4.666667, 0.083333, -0.933333
