773
pics
0.000000, 0.000000, 0.000000
25.000000, 1.666667, 5.833333
63.307692, 6.179487, 8.012821
410.692308, 49.699301, 12.426573
1245.000000, 212.704545, 33.477273
3976.818182, 1660.113636, 132.431818
5421.181818, 4967.636364, 146.818182
5222.500000, 4410.375000, 114.125000
5025.617647, 4294.919118, 119.286765
4794.700535, 4115.524064, 120.497326
4625.056818, 4006.306818, 87.840909
4327.258333, 3778.941667, 90.250000
4153.866667, 6552.933333, 84.000000
3302.600000, 3144.000000, 76.000000
2953.400000, 2803.000000, 44.000000
2967.500000, 2812.833333, 52.000000
2673.500000, 2551.166667, 43.000000
2441.666667, 2338.333333, 38.000000
2390.433333, 2526.016667, 45.650000
2233.900000, 3539.400000, 33.850000
1928.000000, 1908.250000, 30.500000
1792.000000, 1766.666667, 23.000000
990.800000, 978.533333, 21.400000
606.200000, 599.800000, 6.600000
570.117647, 687.411765, 6.176471
542.882353, 1101.588235, 3.073529
542.375000, 544.000000, 4.437500
488.767857, 485.214286, 4.598214
479.690476, 475.369048, 4.880952
416.893939, 410.962121, 4.015152
427.272727, 616.168831, 4.675325
382.444444, 461.452381, 5.753968
350.632479, 346.064103, 3.696581
336.769231, 332.461538, 3.384615
333.653846, 327.307692, -0.192308
352.423077, 358.769231, 0.115385
400.934066, 415.087912, 2.670330
423.342857, 503.742857, 10.914286
358.133333, 362.400000, 4.800000
279.104167, 271.437500, 1.937500
218.125000, 208.812500, -0.750000
199.437500, 208.750000, 2.812500
147.333333, 182.666667, 2.666667
205.916667, 206.083333, 1.333333
181.113636, 178.795455, 0.181818
166.769697, 162.454545, 2.284848
138.966667, 138.600000, 0.333333
132.429412, 131.164706, -2.447059
95.327731, 113.663866, -0.352941
89.242857, 84.771429, -0.800000
92.900000, 90.800000, 1.800000
53.357143, 63.857143, 0.000000
62.142857, 56.000000, 0.642857
45.625000, 44.517857, 0.357143
41.125000, 44.625000, 0.250000
38.972222, 43.000000, 1.638889
29.611111, 29.333333, 0.111111
27.166667, 29.666667, 1.000000
28.000000, 27.000000, 2.000000
28.250000, 21.750000, 0.000000
23.750000, 33.500000, 0.000000
34.461538, 31.519231, 0.000000
12.185520, 17.760181, 1.000000
16.210084, 18.684874, 0.214286
38.142857, 27.785714, -0.214286
34.750000, 31.416667, 0.583333
22.250000, 30.183333, 1.416667
24.888889, 25.066667, -1.777778
32.777778, 34.000000, -0.222222
26.833333, 30.708333, 0.125000
41.500000, 32.625000, 0.875000
30.875000, 28.000000, -0.125000
43.488636, 52.454545, 0.852273
15.636364, 10.545455, 0.272727
10.000000, 13.000000, 0.000000
10.363636, 9.727273, 1.000000
2.511364, -2.977273, 0.000000
-0.017857, 10.392857, 0.000000
8.476190, 4.412698, 0.000000
2.666667, 8.444444, 0.000000
5.000000, -1.000000, 0.000000
9.555556, 7.666667, 0.000000
4.844444, 5.033333, 0.000000
5.600000, 0.966667, 0.000000
1.733333, 2.333333, 0.000000
-0.566667, 1.833333, 0.000000
3.833333, 2.966667, 0.000000
2.538462, 5.969231, 0.000000
-2.888462, -2.169231, 0.000000
1.416667, 2.733333, 0.000000
6.010256, 5.205128, 0.000000
0.805430, -3.009050, 0.000000
1.117647, 5.670588, -1.000000
2.000000, -0.700000, 0.000000
5.176471, 5.382353, 0.000000
-1.176471, 3.117647, -0.750000
6.000000, 3.000000, -0.250000
-0.200000, -3.400000, 0.000000
7.485714, 9.828571, 0.000000
-0.119048, 1.126984, 0.000000
