1025
funny
0.000000, 0.000000, 0.000000
8.111111, 0.000000, 1.555556
9.777778, 0.000000, 1.333333
64.444444, 7.666667, 0.777778
250.266667, 22.933333, 7.866667
930.685714, 154.542857, 14.323810
4414.464286, 2470.044643, 109.330357
5370.704545, 4408.357955, 113.721591
4921.545455, 4248.854545, 81.690909
4814.750000, 4223.100000, 68.650000
4430.583333, 3873.166667, 53.527778
4099.128205, 3613.871795, 30.376068
2006.109890, 2096.175824, 19.846154
1611.428571, 3494.035714, 17.000000
1525.833333, 1468.750000, 9.166667
1419.984848, 1360.954545, 7.560606
1339.681818, 1280.795455, 3.772727
1246.500000, 1208.750000, 3.166667
1276.750000, 1498.000000, 4.833333
1164.783333, 1961.733333, 8.033333
1057.716667, 1066.766667, 8.966667
1052.950000, 1033.300000, 6.900000
968.858824, 955.788235, 8.070588
726.316176, 714.661765, 5.779412
665.339286, 720.178571, 3.035714
682.362637, 1087.879121, 3.098901
562.452489, 569.280543, 1.968326
522.470588, 523.411765, 0.647059
561.428571, 558.571429, 3.000000
443.494505, 442.890110, 1.384615
463.531469, 513.538462, 1.433566
423.795455, 558.250000, 4.181818
370.150000, 376.750000, 0.800000
343.300000, 338.900000, 2.200000
343.241176, 349.864706, 1.235294
282.358824, 279.935294, 1.464706
302.007692, 308.146154, 0.300000
194.492308, 252.553846, 0.900000
144.200000, 156.850000, 0.350000
133.444444, 130.527778, 1.750000
108.155556, 102.822222, 0.000000
81.400000, 91.400000, 0.333333
98.545455, 107.454545, 0.666667
105.181818, 124.363636, 0.363636
74.406061, 75.381818, 0.636364
86.116667, 85.675000, 0.000000
68.562500, 63.250000, 0.312500
69.460227, 75.875000, 0.687500
60.374332, 66.470588, 0.882353
64.452941, 59.929412, 0.117647
54.081818, 54.054545, 0.909091
64.935829, 70.133690, 2.385027
72.882353, 74.411765, 0.705882
72.000000, 71.000000, -1.000000
48.818182, 41.181818, 0.000000
35.348485, 40.901515, 0.000000
37.333333, 39.416667, 0.000000
33.088235, 40.794118, 0.294118
42.911765, 40.455882, 0.455882
40.000000, 42.583333, -0.750000
38.833333, 40.666667, 0.000000
40.303030, 38.636364, 0.000000
36.363636, 38.181818, 0.000000
35.600000, 35.581818, 0.000000
39.105882, 34.835294, 0.000000
36.794118, 35.264706, -0.500000
34.800000, 43.800000, -0.500000
44.930769, 43.315385, 0.000000
38.132867, 32.475524, 0.454545
29.386364, 30.909091, 0.545455
28.583333, 28.916667, 0.000000
17.266667, 15.283333, 0.000000
20.400000, 25.657143, 0.000000
12.400000, 21.009524, 0.000000
13.822222, 6.688889, 0.000000
15.944444, 16.611111, 0.000000
13.833333, 12.833333, -0.333333
11.529412, 14.352941, -0.666667
7.270588, 4.847059, 0.000000
13.200000, 8.550000, 0.000000
0.400000, 6.250000, 0.000000
8.400000, 10.000000, 0.800000
10.700000, 6.200000, -0.800000
3.500000, 3.050000, 0.000000
4.200000, 3.150000, 0.000000
7.163636, 8.236364, 0.000000
0.969697, 3.530303, 0.000000
0.555556, -0.555556, 0.277778
8.361111, 12.888889, 0.722222
6.750000, -2.342105, 0.000000
0.000000, 6.842105, 0.000000
0.400000, -4.400000, 0.000000
2.600000, 9.066667, 0.000000
2.526316, 0.333333, 0.000000
0.837321, 0.000000, 0.000000
4.636364, 5.000000, 1.000000
5.750000, 4.000000, 0.000000
-2.750000, 3.000000, 0.000000
5.000000, -0.266667, 0.000000
0.700000, -0.333333, 0.000000
