1039
pics
0.000000, 0.000000, 0.000000
18.636364, 4.181818, 1.000000
33.463636, 2.068182, 4.050000
87.300000, 9.250000, 9.550000
245.000000, 29.100000, 7.500000
518.100000, 72.150000, 15.650000
799.500000, 185.000000, 16.500000
1484.500000, 558.000000, 46.750000
3471.500000, 2331.583333, 82.333333
4262.454545, 3421.666667, 106.030303
4126.212121, 3486.916667, 91.386364
3661.039216, 3134.848039, 68.720588
3409.794118, 3748.235294, 59.529412
3151.500000, 3692.000000, 46.000000
2949.500000, 2796.000000, 42.000000
2629.500000, 2485.500000, 31.000000
2384.666667, 2244.500000, 32.333333
2135.641026, 1998.846154, 33.358974
1676.025641, 2053.153846, 24.307692
1635.030303, 2166.545455, 23.000000
1569.482517, 1538.608392, 15.615385
1383.153846, 1351.846154, 13.202797
1354.285714, 1323.571429, 11.896104
1409.441558, 1383.974026, 11.558442
1295.672727, 1548.654545, 8.727273
1247.700000, 1418.500000, 16.600000
1126.025000, 1104.175000, 12.525000
1016.541667, 1007.458333, 17.375000
464.433333, 452.566667, 9.900000
442.185714, 437.528571, 2.600000
385.714286, 577.571429, 1.000000
372.000000, 367.333333, 3.000000
319.333333, 319.000000, 1.000000
295.939394, 285.666667, 0.727273
201.227273, 206.000000, 3.272727
166.681818, 158.545455, 0.454545
128.218182, 185.654545, 2.545455
148.600000, 160.300000, -1.000000
118.000000, 118.833333, 2.333333
115.800000, 113.066667, 1.266667
113.866667, 107.933333, 0.400000
104.666667, 107.000000, 0.000000
75.282051, 86.205128, 0.000000
79.584615, 95.661538, 0.000000
86.942857, 89.228571, 1.571429
82.523810, 81.571429, 0.428571
68.583333, 69.375000, 0.750000
72.250000, 67.125000, 1.750000
60.277778, 75.055556, -1.277778
65.222222, 63.044444, -0.222222
68.375000, 67.025000, 0.562500
70.625000, 68.375000, 0.437500
76.900000, 76.200000, 0.000000
61.747059, 67.800000, 2.058824
65.352941, 62.000000, -0.058824
70.000000, 77.000000, 2.000000
71.454545, 68.636364, 4.727273
68.878788, 63.030303, 0.272727
61.196078, 66.392157, 0.000000
47.220588, 51.191176, 0.000000
42.678571, 41.392857, 0.000000
47.371429, 49.357143, 1.200000
49.133333, 42.400000, 2.266667
39.566667, 48.500000, 3.733333
46.625000, 42.850000, 2.425000
52.097222, 41.694444, 1.930556
44.514620, 47.134503, 0.444444
43.818713, 41.754386, 0.000000
34.730159, 33.023810, 0.000000
30.214286, 32.142857, 4.000000
38.100000, 34.400000, 0.000000
23.553846, 33.100000, 0.000000
33.779487, 28.733333, 1.000000
15.793939, 15.266667, 0.000000
7.828283, 8.333333, 0.000000
6.535354, 9.393939, 0.000000
11.909091, 6.772727, 0.000000
6.000000, 10.785714, 0.000000
5.000000, 5.714286, 0.000000
8.000000, 5.000000, 0.000000
6.250000, 0.250000, 0.416667
5.464286, 6.392857, 0.583333
3.619048, 7.357143, 0.333333
-0.333333, -1.000000, 2.666667
9.750000, 7.000000, 0.000000
-2.161765, 4.647059, 0.000000
9.411765, 2.352941, 1.000000
10.833333, 13.666667, 0.000000
8.416667, 3.833333, 0.000000
-3.250000, 5.500000, 0.000000
7.400000, -0.400000, 0.000000
0.933333, 2.066667, 0.000000
8.916667, 5.833333, 0.000000
-0.916667, 1.833333, 0.000000
7.444444, 3.222222, 0.000000
-1.577778, 3.844444, 0.000000
5.466667, 3.600000, 0.333333
3.333333, -3.000000, -0.333333
0.500000, 6.000000, 0.000000
1.500000, 2.000000, 0.000000
