1094
pics
0.000000, 0.000000, 0.000000
19.666667, 2.666667, 14.000000
26.904762, 9.047619, 9.285714
70.428571, 11.285714, 14.714286
186.000000, 28.000000, 14.000000
427.230769, 86.692308, 51.615385
884.185897, 225.224359, 111.384615
3229.883333, 1920.183333, 229.800000
6913.015789, 5795.268421, 695.673684
6562.084211, 5894.031579, 685.126316
5394.742857, 4911.885714, 531.828571
3931.857143, 3535.964286, 359.321429
2576.000000, 3807.477273, 271.977273
3798.000000, 4177.272727, 276.272727
1871.000000, 1797.777778, 180.444444
1240.714286, 1218.650794, 108.269841
1260.467532, 1238.025974, 92.649351
1113.818182, 1067.468531, 87.559441
954.000000, 1008.531469, 84.804196
1039.285714, 1955.259740, 50.129870
904.285714, 895.714286, 46.857143
792.967033, 786.263736, 33.901099
818.261538, 806.307692, 43.384615
780.057143, 778.285714, 29.571429
775.037594, 872.924812, 47.639098
642.855263, 957.164474, 36.164474
500.250000, 510.625000, 18.625000
276.333333, 271.250000, 25.333333
196.393939, 199.113636, 22.030303
173.802139, 173.989305, 11.577540
152.095588, 170.772059, 11.308824
144.708333, 285.875000, 5.638889
133.952381, 132.071429, 7.753968
127.714286, 124.428571, 5.557143
92.235294, 100.382353, 6.564706
98.264706, 94.117647, 5.735294
81.785714, 132.785714, 0.714286
79.945055, 90.445055, 3.785714
78.769231, 80.769231, 0.000000
64.076923, 54.307692, 5.846154
51.089744, 59.358974, 6.987179
59.287879, 58.515152, 0.166667
44.727273, 66.909091, 4.636364
58.545455, 54.818182, 0.363636
52.522727, 55.590909, 2.250000
55.416667, 47.166667, 1.750000
47.515152, 50.787879, 5.090909
59.356643, 58.776224, 3.062937
52.211538, 51.769231, 1.221154
55.250000, 59.000000, 2.625000
78.000000, 75.500000, 3.250000
75.666667, 75.166667, 4.194444
69.333333, 67.033333, 4.955556
79.300000, 84.900000, 6.700000
83.566667, 83.800000, 7.233333
84.800000, 89.600000, 5.333333
70.215686, 67.647059, 4.568627
40.117647, 40.352941, 6.431373
34.000000, 34.000000, 9.333333
36.500000, 35.000000, 11.500000
44.500000, 47.000000, 7.500000
45.125000, 45.500000, 8.312500
50.875000, 50.500000, 4.687500
42.000000, 36.666667, 7.333333
41.000000, 41.666667, 6.333333
34.181818, 29.393939, 3.333333
32.636364, 32.454545, 8.363636
23.598485, 34.984848, 3.136364
37.429487, 30.371795, 5.961538
24.553846, 23.761538, 3.438462
21.850000, 19.325000, 3.350000
21.250000, 26.125000, 1.750000
14.676471, 3.367647, 3.411765
6.623529, 7.582353, 3.188235
9.533333, 8.300000, 0.066667
0.866667, 6.400000, 4.533333
5.400000, -1.400000, 4.533333
1.347368, 8.157895, 1.845614
15.640867, 11.665635, 0.421053
0.411765, 0.407240, 2.076923
4.666667, 4.935897, -5.160256
5.122807, 3.096491, -1.127193
0.710526, 4.308271, 2.639098
3.388889, 2.095238, 1.793651
5.825397, 2.976190, 0.777778
4.285714, 9.357143, 1.000000
-2.000000, -3.000000, 0.000000
6.000000, 3.545455, 0.000000
-3.333333, 6.121212, 0.000000
8.333333, 1.333333, 0.000000
-1.750000, 4.250000, -1.000000
7.250000, 8.750000, 0.000000
5.700000, -4.000000, 0.000000
3.600000, 0.000000, 0.866667
-3.442857, 2.000000, -0.080952
4.842857, 1.800000, -0.785714
-5.700000, 1.950000, 2.500000
5.750000, 1.000000, 2.750000
0.416667, 1.916667, 1.083333
-1.238095, -4.666667, -0.333333
