707
funny
0.000000, 0.000000, 0.000000
9.500000, 1.000000, 3.000000
19.700000, 1.000000, 3.800000
58.184615, 9.230769, 4.815385
212.990385, 18.394231, 10.384615
557.079545, 82.920455, 28.000000
1094.545455, 266.454545, 50.600000
2908.333333, 1644.666667, 102.400000
4544.848485, 3465.878788, 204.727273
4396.389610, 3659.668831, 168.415584
4004.155844, 3408.603896, 144.948052
3984.415584, 3375.038961, 143.194805
3465.915966, 3882.201681, 118.714286
3659.774510, 4322.107843, 129.000000
3105.738095, 2920.119048, 99.857143
2898.954887, 2727.872180, 94.037594
2905.473684, 2747.984962, 90.533835
2308.466667, 2183.390476, 69.304762
2257.533333, 3314.466667, 61.266667
2130.600000, 2100.400000, 88.000000
1735.900000, 1693.100000, 59.500000
984.954545, 963.863636, 41.681818
638.545455, 628.779221, 33.103896
680.428571, 670.142857, 22.714286
688.571429, 1185.714286, 16.000000
547.562500, 551.500000, 17.312500
515.020833, 517.333333, 20.770833
498.083333, 499.500000, 9.916667
447.000000, 448.866667, 16.800000
346.119048, 350.300000, 11.628571
330.396104, 410.409091, 9.844156
285.551515, 387.090909, 7.393939
294.539394, 300.272727, 10.878788
263.393939, 259.060606, 9.121212
226.083333, 238.416667, 10.583333
224.250000, 220.750000, 9.750000
218.600000, 247.100000, 5.600000
209.200000, 256.800000, 5.400000
232.400000, 230.133333, 1.866667
210.300000, 206.133333, 4.466667
179.863636, 186.424242, 1.303030
177.636364, 179.409091, 1.363636
171.000000, 201.500000, 3.000000
166.888889, 165.444444, 4.888889
115.111111, 113.888889, 9.111111
84.000000, 81.666667, 4.250000
94.333333, 97.666667, 2.583333
90.111111, 91.444444, 1.277778
89.430556, 97.638889, 2.388889
79.125000, 82.916667, 2.500000
70.400000, 73.733333, 1.000000
61.690909, 60.418182, -2.000000
49.409091, 49.181818, 0.000000
50.666667, 63.333333, 2.166667
56.083333, 52.541667, 3.145833
46.550000, 54.325000, 1.687500
48.414286, 45.157143, 2.214286
42.410714, 39.642857, 1.785714
28.486111, 31.444444, 0.555556
30.031746, 29.126984, 0.444444
22.493506, 25.337662, 0.000000
26.517483, 24.244755, 0.000000
18.346154, 20.596154, 0.250000
23.500000, 24.850000, 0.750000
14.285714, 16.257143, 2.857143
26.047619, 20.642857, 2.142857
22.848485, 20.318182, -1.000000
24.356643, 25.720280, 0.000000
18.769231, 25.769231, 0.000000
18.092308, 15.492308, 0.000000
37.600000, 37.200000, 1.500000
26.454545, 29.636364, 0.500000
14.545455, 8.363636, 0.000000
12.875000, 17.000000, 1.000000
11.125000, 12.750000, 0.000000
19.250000, 15.750000, 0.000000
15.568182, 17.227273, -1.000000
10.848485, 7.606061, 0.000000
12.515152, 11.121212, 0.181818
4.018182, 11.545455, 0.818182
15.800000, 10.333333, 0.000000
15.000000, 16.666667, 0.000000
4.000000, 8.000000, -1.000000
9.727273, 7.545455, 0.000000
5.558442, 9.311688, 2.000000
9.130952, 6.059524, 0.000000
1.891026, 3.237179, 0.000000
10.692308, 10.846154, 0.000000
9.000000, 6.000000, 0.000000
3.500000, 2.500000, -3.000000
6.900000, 7.300000, 0.000000
2.658824, 3.905882, -0.941176
6.941176, 3.294118, 1.107843
3.555556, 6.111111, 0.722222
3.521368, 6.965812, 0.264957
10.637363, 8.351648, 0.846154
7.119048, 6.904762, 0.000000
9.166667, 5.166667, 0.000000
2.062500, 6.187500, 0.000000
3.687500, 1.062500, 0.000000
