974
pics
0.000000, 0.000000, 0.000000
13.777778, 3.000000, 7.000000
21.659722, 4.062500, 4.062500
71.331731, 9.091346, 11.168269
269.809717, 36.319838, 9.927126
685.309942, 98.081871, 20.730994
2723.803419, 1166.059829, 100.495726
5448.580420, 4092.202797, 210.888112
4878.727273, 4101.181818, 126.727273
4284.416667, 3700.083333, 105.250000
3891.783333, 3352.816667, 98.950000
3679.800000, 3186.850000, 87.300000
3482.222222, 4729.138889, 77.055556
3163.077778, 3455.211111, 68.144444
2652.700000, 2536.900000, 57.300000
2435.000000, 2330.333333, 47.666667
2354.363636, 2242.484848, 56.969697
1998.207792, 1892.610390, 51.292208
954.605042, 1193.218487, 30.659664
754.285068, 1653.660633, 27.104072
718.153846, 713.000000, 16.769231
716.813187, 711.263736, 11.538462
774.371429, 762.628571, 18.800000
730.353846, 731.261538, 8.507692
647.721154, 1057.788462, 10.567308
602.525000, 668.350000, 14.525000
589.100000, 589.275000, 7.350000
501.300000, 495.925000, 6.650000
498.466667, 492.466667, 8.066667
498.233333, 503.633333, 6.233333
481.038462, 510.100000, 3.915385
460.861538, 619.200000, 3.784615
514.457143, 512.085714, 8.171429
462.779221, 466.168831, 5.701299
366.630303, 360.278788, 3.793939
260.933333, 264.166667, 3.833333
203.333333, 223.033333, 0.900000
219.566667, 269.066667, 3.500000
192.150000, 194.875000, 0.700000
193.867647, 191.419118, 0.000000
149.025210, 154.991597, 2.571429
153.190476, 145.380952, 3.595238
120.666667, 129.333333, 1.055556
113.000000, 133.666667, 0.777778
105.000000, 102.333333, 2.000000
84.214286, 87.571429, 0.928571
88.071429, 88.714286, -0.214286
80.514286, 72.580952, 2.552381
85.977778, 103.800000, 1.733333
69.622222, 66.833333, 1.000000
77.350000, 78.625000, 0.000000
54.392857, 61.732143, 1.857143
54.857143, 48.842857, 1.142857
74.733333, 74.033333, 0.000000
59.666667, 62.266667, 0.400000
56.200000, 63.600000, 0.600000
77.066667, 72.177778, 0.000000
53.606061, 59.949495, 1.363636
66.393939, 63.939394, 2.636364
93.476190, 93.619048, 0.000000
102.857143, 99.714286, 0.000000
75.200000, 80.000000, 3.600000
30.050000, 30.500000, 1.400000
31.519231, 31.576923, 0.000000
34.769231, 26.076923, 0.153846
35.825175, 34.300699, 1.664336
25.713287, 31.776224, -0.664336
41.656410, 45.035897, -1.153846
30.721212, 25.642424, 0.000000
40.545455, 33.090909, 1.000000
33.000000, 45.000000, 0.000000
24.555556, 17.555556, 1.000000
29.385621, 36.444444, 0.705882
18.058824, 18.000000, 3.294118
20.000000, 13.000000, 0.000000
2.294118, 7.764706, 0.823529
14.705882, 6.235294, -0.823529
3.250000, 11.250000, 0.000000
8.477273, 1.840909, 0.000000
9.062201, 10.014354, 0.526316
5.639098, 3.323308, 2.330827
-3.528571, 4.971429, -0.757143
9.900000, 10.600000, -0.100000
8.563636, 2.272727, 1.000000
6.969697, 5.393939, 0.000000
6.282051, 7.333333, 0.000000
4.273504, 2.666667, 0.000000
4.311111, 2.933333, -0.800000
5.050000, 8.150000, -0.200000
1.875000, -3.500000, 0.000000
1.187500, 5.000000, 0.000000
0.758929, 2.392857, 0.000000
6.628571, 7.757143, 0.000000
-0.200000, 1.475000, 0.000000
11.115385, 8.740385, 0.000000
2.009615, -1.990385, 0.000000
-3.482143, 3.517857, 0.000000
6.142857, -0.285714, 0.000000
2.126050, 3.907563, 0.000000
5.366013, 2.346405, 0.000000
