48
pics
0.000000, 0.000000, 0.000000
62.857143, 6.571429, 14.571429
135.912088, 19.351648, 12.967033
492.355769, 68.201923, 17.461538
2502.458333, 783.791667, 63.416667
5497.416667, 2972.083333, 155.083333
5046.666667, 4865.666667, 117.500000
4406.333333, 4491.333333, 72.000000
3927.615385, 3452.230769, 66.000000
3158.657343, 2772.678322, 54.636364
3103.727273, 2724.590909, 45.696970
2790.250000, 2455.500000, 46.916667
2619.750000, 3566.500000, 45.250000
2170.666667, 3293.166667, 27.500000
1891.833333, 1838.333333, 30.500000
1562.029412, 1512.176471, 19.970588
1420.908088, 1359.448529, 9.904412
1229.006944, 1191.152778, 16.180556
1066.269841, 1376.793651, 17.301587
933.571429, 1787.714286, 11.285714
884.714286, 883.514286, 7.057143
508.500000, 505.075000, 8.300000
354.062500, 359.687500, 4.375000
341.104167, 342.215278, 2.680556
302.333333, 535.722222, -0.055556
316.000000, 546.833333, 2.166667
307.500000, 314.166667, -0.666667
328.807692, 325.423077, 5.307692
334.692308, 340.076923, 5.692308
363.857143, 358.285714, 7.142857
384.142857, 492.252747, 4.010989
452.545455, 535.461538, 8.573427
137.954545, 143.500000, 4.272727
5.600000, -0.500000, -1.100000
-5.433333, -2.666667, -0.900000
2.533333, 1.866667, 0.000000
-1.300000, 8.200000, 0.000000
6.100000, 62.266667, 0.000000
-3.272727, 1.242424, 2.000000
1.195804, -1.370629, 0.000000
-4.367521, -0.649573, 0.000000
1.262626, -0.616162, -0.545455
0.781818, 14.593939, -0.454545
-2.600000, 7.133333, 0.000000
7.250000, 0.500000, -0.750000
-4.964286, 1.214286, 0.750000
4.514286, -0.914286, 0.000000
-4.800000, 5.584615, 0.000000
1.333333, 0.282051, -0.666667
2.512821, 4.025641, -1.948718
0.753846, -0.092308, -0.784615
-0.600000, 4.400000, -0.600000
0.181818, -1.363636, 0.000000
-2.181818, -1.636364, 0.000000
-2.333333, -1.000000, 1.000000
1.515152, 5.636364, 0.000000
3.818182, -3.011364, -1.375000
0.555556, -0.736111, -0.625000
-5.972222, 5.944444, -0.583333
4.350000, -1.766667, -0.416667
0.400000, -0.733333, 0.000000
-0.666667, 2.000000, 0.000000
-1.000000, -5.333333, 2.000000
-4.095238, 2.428571, 1.000000
2.428571, 0.389610, 0.000000
4.000000, 2.181818, 0.000000
-4.800000, -3.600000, 0.000000
3.492308, 4.907692, 0.000000
0.441026, -3.574359, 0.266667
-0.496970, 3.630303, 0.733333
-4.436364, -3.763636, 0.000000
1.633333, -2.433333, 0.000000
2.833333, 1.500000, 0.000000
-3.666667, 0.666667, 0.000000
1.181818, 3.121212, 0.000000
-1.181818, -0.454545, 0.000000
1.285714, -2.428571, 0.000000
4.714286, 1.428571, 0.000000
-6.800000, -2.000000, 0.000000
3.976471, 4.176471, 0.000000
2.073529, -4.676471, 0.000000
0.113636, 4.681818, 0.000000
-1.902098, -6.181818, 0.000000
1.538462, 4.000000, 0.000000
-0.714286, 1.571429, 0.000000
-3.857143, -2.857143, 0.000000
1.571429, -2.047619, 0.000000
-1.333333, 5.000000, 0.000000
0.000000, 1.333333, 0.000000
-2.666667, -0.615385, 0.000000
1.000000, -0.259615, 0.000000
3.818182, 0.056818, 0.000000
-3.707071, -1.292929, 0.000000
3.088889, -3.288889, 0.000000
0.633333, 2.233333, 0.000000
1.866667, 3.466667, -1.000000
-2.500000, 0.700000, 0.000000
-0.100000, -1.100000, 0.000000
-1.433333, -1.011111, 0.000000
0.083333, -4.013889, 0.000000
