855
pics
0.000000, 0.000000, 0.000000
18.909091, 0.363636, 6.272727
56.090909, 4.636364, 14.727273
136.000000, 9.500000, 12.000000
373.600000, 35.300000, 19.866667
833.127273, 130.472727, 24.042424
1382.701299, 407.298701, 52.376623
3327.571429, 2297.722689, 104.537815
5327.714286, 4168.848739, 221.033613
4659.142857, 3863.714286, 182.000000
4579.758242, 3855.604396, 150.219780
4219.153846, 3565.153846, 135.615385
4210.105769, 5574.134615, 123.495192
3881.708333, 3734.916667, 109.229167
3376.416667, 3167.745098, 95.818627
3327.666667, 3125.032680, 91.209150
3289.333333, 3109.555556, 115.555556
2983.750000, 2804.750000, 94.000000
3155.892857, 3080.035714, 92.428571
2649.912698, 3851.769841, 67.904762
2603.000000, 2523.444444, 66.666667
2261.444444, 2211.882353, 67.352941
2014.750000, 1959.117647, 65.897059
1874.977273, 1832.727273, 55.022727
907.487013, 1123.772727, 36.084416
344.785714, 756.500000, 18.142857
323.000000, 316.000000, 9.500000
339.142857, 333.285714, 9.000000
339.857143, 339.714286, 6.000000
304.666667, 307.555556, 3.111111
335.333333, 398.694444, 3.388889
346.000000, 522.416667, 9.833333
307.400000, 308.933333, 9.866667
264.266667, 265.955556, 8.355556
294.444444, 277.555556, 9.666667
272.326389, 280.763889, 14.965278
278.162500, 352.325000, 11.145833
268.400000, 275.800000, 10.666667
268.000000, 267.000000, 9.000000
252.555556, 260.888889, 3.888889
274.444444, 264.361111, 6.361111
282.375000, 280.000000, 8.000000
248.701923, 253.903846, 3.750000
262.756410, 285.512821, 2.500000
195.166667, 199.583333, 3.500000
191.470588, 180.514706, 2.647059
158.711230, 159.689840, 5.171123
140.484848, 138.878788, 3.515152
129.583333, 131.666667, 0.666667
149.150000, 154.800000, 1.200000
97.885714, 101.914286, 3.371429
85.175824, 79.978022, 2.428571
82.788462, 86.474359, 4.583333
81.750000, 85.476190, 1.416667
79.857143, 74.928571, 1.000000
68.324675, 75.792208, 0.181818
57.818182, 56.386364, 0.818182
65.000000, 58.625000, 3.500000
43.000000, 41.158333, 0.500000
66.555556, 72.800000, 3.666667
53.888889, 43.666667, 2.444444
28.373737, 39.363636, 0.888889
45.874126, 45.790210, 0.923077
38.853147, 34.209790, -0.195804
41.454545, 42.886364, 4.772727
63.714286, 65.750000, 1.500000
57.285714, 58.727273, -1.000000
50.076923, 51.734266, 1.000000
41.923077, 38.538462, 0.000000
41.000000, 42.000000, 1.000000
39.454545, 38.545455, 1.000000
30.000000, 39.090909, 0.909091
41.745455, 35.863636, 2.890909
15.800000, 15.375000, -2.237500
11.700000, 10.425000, -7.562500
19.300000, 16.966667, 0.000000
14.000000, 14.400000, 0.000000
13.166667, 12.500000, 0.000000
9.500000, 13.666667, 0.000000
17.190476, 16.952381, -0.928571
10.809524, 10.547619, -0.071429
9.060606, 12.393939, 1.000000
8.503497, 3.657343, 0.461538
11.678322, 9.160839, 2.447552
12.090909, 9.454545, 0.090909
2.833333, 10.916667, -1.000000
19.166667, 18.083333, 0.000000
4.588235, 11.000000, 0.941176
14.611765, 3.700000, 0.058824
4.371429, 8.014286, -1.000000
7.317460, 4.730159, -1.000000
13.611111, 14.618056, 0.000000
10.500000, 7.537500, 0.000000
5.733333, 10.933333, 0.000000
13.266667, 4.466667, 0.000000
1.000000, 14.000000, 0.000000
4.400000, -1.200000, 5.800000
4.523077, 10.430769, 3.200000
10.076923, 2.269231, 1.500000
-4.333333, 1.388889, 4.611111
