1157
pics
0.000000, 0.000000, 0.000000
15.666667, 3.111111, 4.333333
47.410256, 5.811966, 10.128205
213.230769, 20.769231, 31.538462
765.120879, 115.593407, 94.285714
3780.844156, 1395.714286, 527.987013
6093.727273, 5281.000000, 819.727273
4869.058824, 4224.941176, 585.411765
4881.122995, 4237.058824, 546.951872
3966.171123, 3477.117647, 389.224599
4048.447059, 3576.682353, 306.011765
3673.836364, 3243.472727, 340.490909
3585.063636, 5021.427273, 316.409091
2994.118182, 3634.936364, 231.409091
2857.959596, 2722.474747, 264.090909
2458.555556, 2361.222222, 229.333333
2200.719298, 2122.877193, 180.298246
2131.080702, 2039.256140, 180.901754
1937.396078, 2435.592157, 153.701961
1925.637255, 2717.107843, 151.764706
1808.433333, 1778.933333, 153.700000
905.400000, 890.900000, 121.300000
815.000000, 806.000000, 68.000000
822.777778, 810.222222, 57.333333
642.222222, 857.027778, 41.291667
485.900000, 844.250000, 41.075000
451.300000, 442.900000, 38.100000
367.942857, 375.314286, 44.914286
367.257143, 365.585714, 26.785714
354.600000, 356.366667, 24.750000
319.250000, 400.583333, 18.500000
299.321429, 446.464286, 23.535714
317.528571, 309.385714, 13.814286
258.900000, 267.500000, 22.700000
200.363636, 203.218182, 10.018182
175.944056, 175.412587, 4.951049
201.549451, 240.483516, 8.659341
166.809524, 210.507937, 8.238095
141.395833, 144.590278, 12.270833
134.337500, 130.387500, 7.462500
120.314286, 122.800000, 3.742857
122.285714, 119.000000, 7.857143
105.400000, 126.400000, 8.000000
104.600000, 128.725000, 6.500000
97.000000, 94.375000, 8.500000
101.000000, 101.500000, 5.500000
103.000000, 101.000000, 10.500000
113.923077, 114.153846, 5.692308
108.826923, 109.346154, 9.557692
122.750000, 131.500000, 13.250000
126.500000, 128.000000, 6.500000
133.909091, 132.363636, 8.000000
127.090909, 130.636364, 5.800000
98.461538, 87.076923, 4.123077
69.838462, 70.023077, 4.476923
81.414286, 87.471429, 3.457143
74.824176, 82.043956, 3.912088
69.211538, 62.134615, 5.230769
77.416667, 86.333333, 4.750000
96.944444, 89.472222, 10.694444
68.288889, 72.844444, 11.155556
56.781818, 56.418182, 14.763636
57.741259, 58.104895, 7.097902
58.219780, 52.791209, 1.681319
37.087912, 40.747253, 1.395604
35.302564, 40.471795, 5.128205
38.266667, 35.066667, 6.333333
29.866667, 32.333333, 1.333333
25.410256, 28.051282, 1.205128
26.615385, 24.692308, 2.846154
35.307692, 32.423077, 7.615385
26.545455, 24.136364, 6.636364
28.000000, 33.090909, 3.818182
18.454545, 16.272727, 3.545455
9.818182, 4.363636, 7.545455
6.887701, 15.636364, 3.336898
9.588235, 7.000000, 0.470588
1.348739, 4.357143, 0.647059
5.049451, 4.796703, 0.000000
5.034965, 3.846154, 0.000000
9.383838, 10.777778, -0.777778
8.031746, 2.793651, 2.634921
1.780220, 2.890110, 1.142857
4.076923, 2.538462, -1.000000
8.111111, 8.555556, -1.444444
1.222222, 0.511111, 0.911111
-2.666667, 2.266667, -0.466667
3.333333, 3.366667, -0.700000
7.777778, 8.522222, 0.700000
2.222222, 2.777778, -1.000000
4.666667, -2.333333, 1.000000
6.133333, 8.800000, 0.266667
-1.184615, 0.841026, 2.041026
11.551282, 5.025641, -0.307692
3.910256, 9.282051, -1.076923
-4.076923, 0.384615, -0.923077
8.375000, 5.375000, 1.625000
-2.375000, 2.291667, -0.458333
4.818182, -0.848485, 1.378788
2.981818, 2.581818, 0.454545
