1361
funny
0.000000, 0.000000, 0.000000
25.833333, 0.833333, 4.166667
43.366667, 6.566667, 3.833333
104.800000, 15.600000, 13.000000
341.000000, 37.500000, 17.000000
2328.588235, 672.558824, 84.588235
5615.224265, 3977.628676, 307.411765
5657.473214, 4886.741071, 313.000000
5375.857143, 4614.285714, 243.428571
4876.857143, 4201.285714, 192.571429
5066.333333, 4417.500000, 183.333333
4650.966667, 4042.500000, 165.266667
4457.700000, 6781.000000, 172.400000
3759.571429, 3576.857143, 143.357143
2365.761905, 2257.142857, 92.976190
1241.416667, 1194.000000, 50.916667
1218.250000, 1163.500000, 43.750000
1200.538462, 1141.423077, 37.692308
1182.318681, 2332.362637, 35.879121
903.142857, 1079.214286, 24.928571
794.000000, 783.875000, 19.750000
771.687500, 775.187500, 19.500000
705.312500, 680.437500, 17.250000
596.333333, 590.000000, 23.833333
546.333333, 1057.083333, 14.500000
494.888889, 536.583333, 14.111111
449.555556, 452.000000, 13.666667
424.616162, 424.606061, 15.525253
347.058442, 349.012987, 10.863636
382.305195, 386.259740, 7.772727
386.545455, 532.272727, 8.363636
339.463636, 395.981818, 11.863636
303.775000, 309.075000, 8.125000
308.053571, 315.196429, 5.303571
321.404762, 325.150794, 4.849206
311.166667, 313.277778, 5.722222
327.233333, 338.033333, 8.966667
342.266667, 408.800000, 9.200000
357.142857, 354.095238, 10.833333
382.607143, 383.946429, 12.062500
397.050000, 389.825000, 17.037500
400.762500, 393.362500, 9.525000
385.659722, 387.993056, 21.097222
287.492063, 306.158730, 11.492063
277.685714, 284.952381, 7.885714
295.145455, 291.696970, 10.581818
274.010101, 271.858586, 8.373737
310.587302, 311.563492, 12.944444
278.023810, 291.380952, 14.833333
280.633333, 284.433333, 10.266667
255.533333, 258.400000, 4.400000
253.966667, 253.000000, 3.800000
187.464706, 187.764706, 3.317647
152.635294, 152.635294, 1.882353
119.600000, 123.600000, 2.000000
129.333333, 126.666667, 5.000000
112.416667, 111.083333, 4.750000
96.403846, 100.711538, 4.019231
99.391608, 100.174825, 0.685315
84.704545, 80.863636, -1.454545
89.125000, 91.500000, 2.625000
71.225000, 69.800000, 0.375000
74.288889, 77.755556, 1.111111
66.444444, 61.777778, -0.444444
66.066667, 65.266667, 2.533333
53.907692, 51.938462, 8.953846
56.055944, 53.734266, 4.027972
41.097902, 44.804196, 3.356643
43.760684, 42.367521, 1.461538
48.085470, 47.094017, -3.076923
50.461538, 56.538462, 0.076923
47.692308, 48.692308, 0.000000
33.538462, 31.230769, 0.000000
14.533333, 18.266667, -0.733333
15.266667, 14.333333, 0.733333
16.788235, 18.517647, 1.058824
9.811765, 5.882353, 0.141176
9.400000, 12.100000, -0.300000
4.969231, 6.823077, -0.900000
14.630769, 9.676923, 3.200000
12.907692, 16.630769, 1.800000
8.328671, 7.041958, 0.000000
4.649351, 8.084416, 0.785714
5.936508, 9.420635, 2.214286
12.634921, 6.222222, 1.142857
13.142857, 17.538462, 0.857143
13.000000, 10.628205, 0.000000
4.428571, 7.404762, 0.000000
7.571429, 2.928571, 0.000000
3.083333, 10.000000, 2.166667
8.116667, 3.433333, 2.966667
2.200000, 1.466667, 2.466667
3.171429, -1.114286, 0.400000
-0.971429, 5.114286, 2.600000
4.700000, 9.000000, 3.400000
5.450000, -0.816667, 0.000000
3.132353, 4.651961, 1.000000
1.546218, 5.336134, 0.000000
2.904762, 0.873016, 0.000000
4.666667, -4.444444, 0.000000
