662
pics
0.000000, 0.000000, 0.000000
7.333333, 1.166667, 3.000000
2.952381, 1.261905, 0.642857
9.114286, 1.971429, 2.557143
12.872727, 4.509091, 1.527273
32.111888, 3.167832, 3.426573
64.615385, 7.923077, 2.846154
101.090909, 22.181818, 8.909091
341.242424, 60.818182, 19.757576
1058.066667, 246.400000, 59.933333
4220.600000, 2320.600000, 256.400000
4832.000000, 3822.000000, 298.000000
4809.000000, 5060.000000, 339.000000
3942.000000, 3721.384615, 220.461538
3625.000000, 3421.415385, 201.638462
3576.714286, 3374.414286, 167.042857
3084.824176, 2929.631868, 160.318681
2994.461538, 2850.153846, 143.138462
2647.588235, 2635.882353, 116.341176
2026.633987, 2794.673203, 93.725490
706.777778, 747.644444, 60.733333
650.769231, 645.415385, 43.753846
606.516484, 578.384615, 27.703297
592.642857, 588.857143, 27.714286
551.071429, 638.142857, 22.178571
541.066667, 840.400000, 21.650000
537.600000, 533.600000, 26.266667
448.476190, 448.714286, 21.047619
421.919643, 420.098214, 20.348214
431.137500, 426.187500, 13.137500
407.072727, 413.363636, 9.436364
436.893939, 591.969697, 16.363636
442.371795, 441.435897, 18.000000
369.167421, 368.583710, 16.588235
323.294118, 338.218487, 9.983193
311.714286, 315.714286, 11.714286
324.000000, 375.571429, 12.000000
299.285714, 316.142857, 13.714286
267.000000, 262.222222, 13.111111
302.000000, 308.777778, 3.326389
218.333333, 221.666667, 7.395833
215.444444, 209.777778, 10.277778
161.914530, 185.709402, 5.504274
184.807692, 192.596154, 6.759615
168.409091, 163.159091, 3.261364
120.890909, 121.490909, 3.163636
112.654545, 106.690909, 5.381818
114.045455, 115.659091, 6.255682
94.500000, 109.450000, 3.262500
119.454545, 121.709091, 4.300000
89.930070, 88.321678, 1.538462
68.307692, 67.769231, 7.538462
64.072398, 63.764706, 2.334842
78.696833, 79.158371, 2.126697
65.138462, 64.476923, 0.861538
54.200000, 56.600000, -0.400000
55.866667, 59.333333, 0.666667
48.020833, 47.916667, 1.770833
38.312500, 44.750000, 1.562500
52.882353, 46.941176, 1.000000
40.784314, 44.392157, -1.000000
36.133333, 33.466667, 0.000000
52.088889, 52.311111, 0.722222
33.111111, 32.888889, 2.277778
25.461538, 34.923077, 0.000000
31.265734, 28.895105, 2.000000
22.965035, 18.489510, 0.000000
16.807692, 18.025641, 0.000000
21.611111, 20.222222, 1.000000
13.888889, 22.044444, 1.000000
17.333333, 15.288889, 1.000000
15.400000, 14.844444, 1.000000
23.266667, 22.266667, 0.000000
5.500000, 10.200000, 0.000000
6.812500, -1.262500, 2.000000
1.798611, 5.618056, -0.777778
9.088889, 10.044444, 1.777778
9.184615, 7.938462, 0.692308
1.615385, 4.461538, 4.307692
5.000000, 0.166667, 0.000000
1.153846, 2.756410, 0.769231
6.846154, 3.076923, 0.230769
4.428571, 12.571429, 0.000000
9.571429, 6.828571, 0.000000
6.428571, 4.171429, 1.214286
6.971429, 6.528571, 0.785714
0.600000, -1.100000, 0.000000
3.100000, 6.600000, 1.000000
4.900000, 11.400000, 0.000000
11.900000, -1.700000, 1.700000
1.100000, 9.588889, 2.411111
1.000000, -4.888889, 0.888889
3.000000, 3.000000, 0.000000
5.142857, 12.428571, 0.000000
1.857143, -0.428571, 0.000000
3.375000, 2.625000, 2.625000
10.062500, 3.000000, 0.375000
-2.080357, 6.660714, 0.000000
4.726190, -0.202381, 0.000000
6.291667, 9.479167, 0.187500
