1245714106
none
12.000000
13.333333
12.666667
5.500000
5.500000
12.500000
8.166667
377.333333
270.000000
258.000000
262.000000
243.000000
215.000000
204.000000
197.000000
146.000000
153.000000
144.000000
139.000000
112.000000
125.000000
113.000000
116.000000
93.000000
77.000000
85.000000
61.000000
72.000000
52.000000
50.000000
53.000000
56.000000
54.000000
57.000000
64.000000
77.000000
92.000000
105.000000
101.000000
130.000000
141.000000
144.000000
143.000000
143.000000
160.000000
161.000000
157.000000
147.000000
165.000000
101.000000
59.000000
65.000000
69.000000
62.000000
53.000000
54.000000
42.000000
38.000000
41.000000
42.000000
45.000000
41.000000
39.500000
36.500000
33.000000
33.000000
43.500000
37.500000
33.000000
32.500000
30.500000
30.000000
34.000000
34.333333
23.666667
22.000000
30.000000
22.000000
39.500000
24.500000
13.571429
9.178571
12.472222
11.777778
10.250000
8.250000
6.500000
7.500000
5.500000
9.000000
9.428571
3.793651
4.777778
6.625000
2.660714
4.868132
1.237458
0.785166
0.588235
1.790850
2.944444
1.428571
0.976190
0.640693
0.839161
2.901099
2.714286
5.647059
3.241830
2.111111
4.769231
4.491639
1.167702
3.271429
3.744444
3.010101
2.212121
6.487179
1.846154
4.333333
4.444444
6.222222
11.000000
6.750000
7.107143
6.142857
6.272727
1.977273
8.416667
10.533333
3.133333
6.066667
7.400000
6.400000
7.133333
7.166667
6.166667
7.583333
4.750000
4.500000
5.900000
5.822222
2.813492
0.714286
7.250000
5.000000
5.666667
6.333333
2.000000
6.500000
4.833333
1.866667
6.942857
1.732143
5.125000
6.379310
0.715928
1.154762
5.083333
2.291667
2.011364
5.696970
3.186667
0.860952
1.255411
1.304813
2.558824
1.919355
1.580645
1.000000
1.015873
0.317460
0.317460
0.317460
3.865079
2.466667
2.422222
0.902778
1.696429
0.769481
2.066986
0.526316
3.315789
0.952381
0.364286
0.333333
0.333333
1.238889
0.740741
1.560847
2.726190
1.935185
0.370370
0.370370
4.740741
5.833333
1.282609
2.550725
2.333333
9.833333
3.833333
1.966667
4.900000
2.600000
5.075000
3.375000
7.416667
5.333333
2.500000
3.785714
1.339286
3.500000
2.303571
4.285714
5.785714
6.785714
10.714286
6.333333
8.666667
5.250000
5.550000
3.825000
6.875000
7.500000
2.923077
7.440559
3.198864
4.580357
5.357143
2.722222
2.542484
2.610294
4.736111
2.888889
1.400000
0.500000
4.900000
2.866667
3.250000
3.000000
1.612745
1.814338
0.625000
2.031250
1.760000
3.240000
3.136364
1.063636
1.527273
1.313544
0.408163
0.408163
0.624339
1.768519
3.861111
1.317460
1.904762
2.777778
3.350427
3.538462
2.368421
1.708502
1.270903
1.485507
1.866667
4.925000
2.125000
6.535714
3.158730
3.055556
7.000000
5.666667
1.833333
3.523810
2.476190
6.384615
1.321267
2.627451
1.952381
0.714286
4.454545
1.420455
2.791667
4.733333
4.314286
3.619048
2.533333
1.800000
3.833333
1.500000
5.000000
2.454545
1.745455
3.800000
2.368421
1.520468
2.111111
8.000000
1.750000
2.485294
3.431373
4.515152
3.889610
1.178571
0.714286
1.535714
0.928571
3.071429
2.528169
0.281690
0.281690
0.281690
1.126761
1.428571
1.093168
1.589372
0.555556
1.701754
2.076023
1.761438
0.588235
0.970588
1.542986
1.339367
0.790441
0.895833
0.952381
0.357143
0.357143
1.666667
2.833333
2.888889
0.555556
0.912698
0.674107
1.302083
1.666667
4.807692
1.803419
0.555556
0.733333
1.070588
0.936819
1.992593
2.516667
2.833333
4.583333
1.508772
6.157895
0.769231
3.230769
4.529412
2.637255
3.833333
1.950000
2.883333
3.401961
4.098039
4.916667
4.826923
0.769231
3.091346
1.962500
2.335294
2.193277
3.738095
3.916667
2.916667
5.666667
4.768116
2.731884
1.916667
0.833333
4.446970
2.936364
3.200000
3.666667
2.166667
1.416667
1.886364
2.419192
2.098291
1.746154
3.850000
1.607143
0.476190
2.023810
1.402857
0.400000
0.673333
1.788618
0.243902
0.243902
0.243902
2.701897
0.673016
0.285714
0.285714
2.533333
2.708333
0.833333
2.458333
2.190476
2.047619
1.278571
4.450000
1.512500
1.387500
2.917647
3.382353
3.500000
3.000000
0.833333
6.166667
3.500000
7.500000
3.750000
3.687500
4.562500
2.692308
2.907692
5.600000
2.585714
0.745536
3.535417
1.206061
1.090909
3.386364
0.736486
0.561133
0.952381
4.857143
5.726190
3.916667
6.055556
2.626263
0.606061
1.327506
0.769231
1.423077
1.216117
1.385281
2.090909
4.727273
2.585227
1.505682
1.444976
1.136842
0.992857
1.607143
3.666667
4.400000
2.183333
3.022727
1.298701
2.582418
0.769231
0.697613
3.504310
0.833333
4.041667
0.740741
0.472374
0.327869
0.327869
2.131148
0.625000
2.413462
0.769231
0.942308
1.250000
4.166667
1.145833
0.625000
1.216346
2.267206
2.049536
2.256684
1.122727
1.566667
2.401515
2.531818
0.855882
0.588235
0.771100
1.343874
8.090909
3.200000
1.495652
2.395257
0.909091
4.416667
3.250000
6.833333
5.375000
1.029762
0.675883
1.119355
2.550000
2.835714
0.571429
0.914286
1.361905
4.220513
4.560440
2.785714
2.500000
6.450000
1.737500
1.201389
2.011111
1.717647
0.392157
0.392157
0.750213
1.147826
1.303093
0.206186
0.206186
0.206186
0.206186
1.250736
0.357143
0.357143
1.427143
0.980000
1.290909
1.096591
0.526786
0.285714
0.285714
0.270465
0.224719
0.224719
0.224719
0.224719
0.222722
0.222222
0.222222
0.222222
0.241270
0.285714
0.285714
0.285714
1.112698
0.988562
0.294118
0.294118
0.294118
0.220588
0.196078
0.196078
0.196078
0.196078
0.333934
0.408163
0.526531
1.066667
1.733333
0.740741
0.653199
0.606061
0.645161
0.485273
0.289855
0.289855
0.289855
3.136842
0.210526
0.210526
0.210526
0.210526
1.148037
0.158730
0.158730
0.158730
0.158730
0.158730
1.412698
0.933333
0.863768
0.289855
0.289855
0.289855
0.281690
0.281690
0.281690
0.404930
0.555556
1.194444
2.571429
2.285714
0.798030
0.478161
0.266667
0.266667
0.266667
0.355128
0.384615
0.926923
1.474074
0.740741
0.485185
0.400000
0.402041
0.408163
0.408163
0.255546
0.217391
0.217391
0.217391
0.233615
0.298507
0.298507
0.298507
0.989221
0.443311
0.408163
0.548909
0.672716
0.350877
0.350877
0.725146
1.718821
0.408163
0.408163
0.321995
0.317460
0.317460
0.730159
0.441441
0.180180
0.180180
0.180180
0.180180
0.242600
1.232919
1.495652
0.631818
0.454545
1.231283
0.294118
0.294118
0.294118
0.139860
0.139860
0.139860
0.139860
0.139860
0.139860
0.139860
1.085495
0.161290
0.161290
0.161290
0.161290
0.161290
0.192524
0.317460
0.317460
0.501587
3.800000
1.000000
1.072165
0.206186
0.206186
0.206186
0.206186
0.537875
1.148551
1.448026
0.069686
0.069686
0.069686
0.069686
0.069686
0.069686
0.069686
0.069686
0.069686
0.069686
0.069686
0.069686
0.069686
0.072107
0.093897
0.093897
0.093897
0.093897
0.093897
0.093897
0.093897
0.093897
0.093897
0.093897
0.442948
0.654150
0.151515
0.151515
0.151515
0.151515
0.151515
0.151515
1.259740
0.714286
0.271429
0.222222
0.222222
0.222222
0.554386
1.886640
1.957014
0.588235
0.285948
0.185185
0.185185
0.185185
0.185185
0.370370
0.714286
0.795714
2.240000
0.606061
0.501632
0.307692
0.307692
0.313287
0.363636
0.363636
0.292815
0.161290
0.161290
0.161290
0.161290
0.161290
0.210268
0.487805
0.477486
0.384615
0.384615
0.284051
0.183486
0.183486
0.183486
0.183486
0.180194
0.117647
0.117647
0.117647
0.117647
0.117647
0.117647
0.117647
0.117647
0.321234
0.487805
0.400152
0.312500
0.312500
0.244501
0.085837
0.085837
0.085837
0.085837
0.085837
0.085837
0.085837
0.085837
0.085837
0.085837
0.085837
1.055359
0.253165
0.253165
0.253165
0.241506
0.175439
0.175439
0.175439
0.175439
0.175439
1.652047
1.015873
0.535238
0.266667
0.266667
0.266667
0.388788
0.454545
0.779412
0.731458
0.434783
0.357919
0.178571
0.178571
0.178571
0.178571
0.178571
0.202508
0.212766
0.212766
0.212766
0.212766
0.153846
0.153846
0.153846
0.153846
0.153846
0.153846
0.226177
0.298507
0.298507
0.403731
0.950000
0.666667
1.249727
0.327869
0.327869
0.327869
1.088235
0.147059
0.147059
0.147059
0.147059
0.147059
0.147059
0.369837
0.425532
0.707727
0.605056
0.157480
0.157480
0.157480
0.157480
0.157480
0.202040
0.454545
0.454545
0.092580
0.073529
0.073529
0.073529
0.073529
0.073529
0.073529
0.073529
0.073529
0.073529
0.073529
0.073529
0.073529
0.317025
0.749637
0.377358
0.377358
0.484480
0.645161
0.492123
0.465116
1.245595
0.151515
0.151515
0.151515
0.151515
0.151515
0.195187
0.588235
0.450502
0.243902
0.243902
0.243902
0.456446
1.047619
0.765677
0.198020
0.198020
0.198020
0.198020
0.296411
0.416667
0.479167
1.121212
0.454545
0.408477
0.270270
0.270270
