1245633471
none
11.200000
12.800000
12.666667
9.333333
18.000000
13.000000
5.923077
5.076923
210.000000
207.000000
180.000000
152.000000
124.000000
117.000000
86.000000
97.000000
81.000000
52.000000
57.000000
47.000000
64.000000
45.000000
42.000000
53.000000
60.000000
30.000000
52.000000
53.000000
66.000000
70.000000
63.000000
59.000000
75.000000
106.000000
105.000000
99.000000
107.000000
123.000000
119.000000
126.000000
113.000000
139.000000
114.000000
117.000000
127.000000
128.000000
121.000000
120.000000
105.000000
136.000000
76.000000
38.000000
30.000000
42.000000
26.000000
25.333333
39.666667
27.000000
37.000000
32.000000
28.000000
27.000000
26.000000
35.000000
27.000000
26.000000
12.666667
19.333333
24.000000
27.500000
24.500000
22.000000
24.000000
20.000000
20.000000
20.000000
28.000000
25.000000
21.000000
17.500000
12.500000
4.000000
6.400000
6.600000
4.300000
2.922222
1.368687
3.034091
5.575000
4.618182
2.181818
1.416667
4.583333
4.000000
2.466667
1.533333
2.000000
1.428571
0.476190
2.549784
0.934343
0.555556
1.480556
0.500000
1.390789
1.559211
4.220238
1.404762
2.500000
3.500000
3.250000
5.107143
1.342857
1.200000
2.100000
3.038462
3.961538
5.062500
2.471983
0.689655
2.122016
4.868132
2.932773
4.588235
1.820261
1.131944
2.274038
2.538462
1.312500
3.754167
1.219048
1.071429
1.376190
3.766667
1.447368
3.124060
1.047215
0.338983
0.338983
1.703390
4.055556
3.944444
2.911765
1.810458
2.868687
2.575758
1.666667
2.333333
1.175439
4.872180
2.697479
2.009288
1.141447
1.087500
2.135714
0.673745
0.540541
3.100000
2.943478
0.869565
2.402746
1.384211
4.633333
1.957576
0.363636
0.379937
0.689655
0.515862
0.400000
0.465263
1.014737
0.800000
0.594286
0.643609
1.127820
0.984556
0.540541
0.498713
0.476190
1.445055
0.512821
0.641026
1.706294
0.909091
2.195122
0.487805
0.953437
3.671329
1.478022
2.096639
2.517647
1.749425
0.229885
0.229885
0.229885
0.760920
4.400000
1.296296
0.766204
1.322115
1.029178
1.336207
2.513158
1.736842
0.689655
0.703202
0.794643
1.395833
2.416667
0.434783
0.434783
0.953964
0.915601
2.715415
2.045455
1.928571
2.171429
0.740426
0.425532
0.477286
0.540541
1.841216
3.041667
0.803922
0.555386
0.259740
0.259740
0.259740
0.579421
1.002481
0.668459
0.994444
0.333333
0.333333
0.348551
0.434783
0.434783
1.122910
0.192308
0.192308
0.192308
0.192308
1.183178
0.202020
0.202020
0.202020
0.202020
0.335664
1.192308
0.704694
0.338983
0.338983
0.431186
0.800000
1.693846
0.700993
0.645161
1.350000
0.500000
1.502941
0.588235
1.808824
1.011905
1.175595
1.831731
1.745921
1.056277
1.678571
0.555556
0.536550
0.526316
1.263158
0.526316
2.542105
1.858824
1.274510
1.712121
0.909091
1.219368
0.434783
1.411713
0.408163
0.408163
1.457383
2.789216
0.833333
3.833333
1.411290
0.645161
1.193548
4.050000
1.092857
1.417143
0.890000
2.550000
2.034483
0.689655
2.393509
0.588235
1.312466
0.183486
0.183486
0.183486
0.183486
0.183486
0.545702
0.871460
0.980392
0.715447
0.487805
0.499129
0.714286
0.934211
1.791980
0.696886
0.384615
0.384615
0.275641
0.256410
0.256410
0.256410
2.596154
3.616667
1.495652
1.069054
1.606723
0.571429
4.390476
3.026667
1.306667
2.411765
0.392157
0.392157
2.337255
0.800000
1.200000
0.400000
0.400000
1.857143
1.267857
0.312500
0.312500
0.535714
3.759740
0.909091
1.920455
2.534091
1.057576
0.841026
0.512821
1.267722
0.588235
1.423529
1.423810
0.876190
1.750000
1.016667
1.025641
0.769231
2.129371
2.601399
0.550117
0.303030
0.303030
2.008658
1.613445
0.862745
0.606061
3.560606
0.872093
0.465116
0.359760
0.303030
0.303030
1.482684
1.130952
0.555556
0.334229
0.322581
0.322581
0.520609
0.540436
0.253165
0.253165
0.253165
0.256017
0.281690
0.281690
0.281690
0.737872
0.513889
0.192308
0.192308
0.192308
0.192308
0.748626
0.785714
0.571429
1.000000
1.000000
0.555556
0.587302
0.714286
3.342857
3.800000
0.317460
0.317460
0.317460
2.158730
1.031746
0.714286
1.761905
2.439776
1.226891
2.021978
1.339367
0.989305
1.763636
0.859259
0.370370
0.370370
1.800000
1.950000
4.500000
2.250000
1.700000
1.163636
0.606061
1.330303
2.980000
0.825263
0.951341
0.377358
0.377358
0.491710
0.606061
2.303030
0.606061
0.359033
0.253165
0.253165
0.253165
0.777577
2.299228
0.270270
0.270270
0.270270
0.759009
1.801282
0.753316
0.689655
0.431034
0.344828
0.344828
2.093391
0.833333
0.364437
0.281690
0.281690
0.333547
0.454545
0.534091
1.420455
0.704545
0.333333
0.333333
0.288813
0.273973
0.273973
0.357686
0.984127
0.476190
0.511905
0.833333
1.250000
0.238095
0.238095
0.238095
0.952381
3.243590
1.538462
2.016194
2.822967
0.982955
1.629167
1.046541
0.377358
0.377358
3.417790
4.114286
1.171429
2.428571
0.645161
0.444839
0.200000
0.200000
0.200000
0.200000
1.467143
2.142857
1.000000
1.666667
2.077778
0.444444
1.351111
0.800000
3.221224
0.408163
0.408163
1.583987
1.569074
0.204082
0.204082
0.204082
0.204082
0.200680
0.190476
0.190476
0.190476
0.190476
0.190476
1.003839
0.038388
0.038388
0.038388
0.038388
0.038388
0.038388
0.038388
0.038388
0.038388
0.038388
0.038388
0.038388
0.038388
0.038388
0.038388
0.038388
0.038388
0.038388
0.038388
0.038388
0.038388
0.038388
0.038388
0.038388
0.038388
0.045814
0.186916
0.186916
0.186916
0.186916
0.186916
0.228914
0.246914
0.246914
0.246914
0.567901
1.185185
0.460199
0.149254
0.149254
0.149254
0.149254
0.149254
0.156277
0.196078
0.196078
0.196078
0.196078
0.192564
0.125786
0.125786
0.125786
0.125786
0.125786
0.125786
0.125786
0.149571
0.363636
0.363636
0.495623
0.740741
0.037453
0.037453
0.037453
0.037453
0.037453
0.037453
0.037453
0.037453
0.037453
0.037453
0.037453
0.037453
0.037453
0.037453
0.037453
0.037453
0.037453
0.037453
0.037453
0.037453
0.037453
0.037453
0.037453
0.037453
0.037453
0.037453
0.165752
0.465116
0.418971
0.157480
0.157480
0.157480
0.157480
0.157480
0.157480
0.098442
0.083682
0.083682
0.083682
0.083682
0.083682
0.083682
0.083682
0.083682
0.083682
0.083682
0.083682
0.907289
0.271930
0.185185
0.185185
0.185185
0.185185
0.186051
0.186916
0.186916
0.186916
0.186916
1.175685
0.168067
0.168067
0.168067
0.168067
0.168067
0.221805
0.526316
0.428070
0.133333
0.133333
0.133333
0.133333
0.133333
0.133333
0.133333
0.075000
0.055556
0.055556
0.055556
0.055556
0.055556
0.055556
0.055556
0.055556
0.055556
0.055556
0.055556
0.055556
0.055556
0.055556
0.055556
0.055556
0.055556
0.244658
0.307692
0.307692
0.231366
0.155039
0.155039
0.155039
0.155039
0.155039
0.167287
0.400000
0.400000
0.216667
0.066667
0.066667
0.066667
0.066667
0.066667
0.066667
0.066667
0.066667
0.066667
0.066667
0.066667
0.066667
0.066667
0.066667
0.180685
0.273973
0.273973
0.273973
0.387397
0.400000
0.294422
0.136054
0.136054
0.136054
0.136054
0.136054
0.136054
0.147770
0.370370
0.370370
0.377996
0.392157
0.392157
0.105413
0.033727
0.033727
0.033727
0.033727
0.033727
0.033727
0.033727
0.033727
0.033727
0.033727
0.033727
0.033727
0.033727
0.033727
0.033727
0.033727
0.033727
0.033727
0.033727
0.033727
0.033727
0.033727
0.033727
0.033727
0.033727
0.033727
0.033727
0.033727
0.043231
0.097087
0.097087
0.097087
0.097087
0.097087
0.097087
0.097087
0.097087
0.097087
0.097087
0.581230
1.016667
1.416667
1.409091
1.694357
0.689655
1.586207
0.704023
0.833333
0.557018
0.526316
0.666667
1.583333
1.638889
0.686869
0.852814
0.774818
0.338983
0.338983
0.469995
0.540541
2.134424
0.526316
0.554511
0.714286
1.282020
0.689655
1.081897
1.280340
0.194175
0.194175
0.194175
0.194175
0.487316
0.613432
0.327869
0.327869
0.319349
0.157480
0.157480
0.157480
0.157480
0.157480
0.157480
0.135294
0.125786
0.125786
0.125786
0.125786
0.125786
0.125786
0.125786
0.426183
0.526316
0.973684
0.132998
0.030817
0.030817
0.030817
0.030817
0.030817
0.030817
0.030817
0.030817
0.030817
0.030817
0.030817
0.030817
0.030817
0.030817
0.030817
0.030817
0.030817
0.030817
0.030817
0.030817
0.030817
0.030817
0.030817
0.030817
0.030817
0.030817
0.030817
0.030817
0.030817
0.030817
0.030817
0.030362
0.029806
0.029806
0.029806
0.029806
0.029806
0.029806
0.029806
0.029806
0.029806
0.029806
0.029806
0.029806
0.029806
0.029806
0.029806
0.029806
0.029806
0.029806
0.029806
0.029806
0.029806
0.029806
0.029806
0.029806
0.029806
0.029806
0.029806
0.029806
0.029806
0.029806
0.029806
0.029806
0.029806
0.209877
0.229885
0.229885
0.229885
0.118621
0.027586
0.027586
0.027586
0.027586
0.027586
0.027586
0.027586
0.027586
0.027586
0.027586
0.027586
0.027586
0.027586
0.027586
0.027586
0.027586
0.027586
0.027586
0.027586
0.027586
0.027586
0.027586
0.027586
0.027586
0.027586
0.027586
0.027586
0.027586
0.027586
0.027586
0.027586
0.027586
0.027586
0.027586
0.027586
0.190739
0.571429
0.314435
0.104167
0.104167
0.104167
0.104167
0.104167
0.104167
0.104167
0.104167
0.104167
0.065526
0.063492
0.063492
0.063492
0.063492
0.063492
0.063492
0.063492
0.063492
0.063492
0.063492
0.063492
0.063492
0.063492
