1245538156
none
19.000000
21.000000
8.800000
8.075000
9.625000
5.500000
7.000000
6.500000
4.500000
5.000000
6.000000
60.000000
264.000000
258.000000
246.000000
212.000000
242.000000
215.000000
178.000000
153.000000
164.000000
130.000000
121.000000
116.000000
103.000000
86.000000
92.000000
67.000000
77.000000
49.000000
54.000000
52.000000
48.000000
41.000000
51.000000
42.000000
54.000000
40.000000
45.000000
48.000000
42.000000
55.000000
53.000000
66.000000
72.000000
82.000000
83.000000
99.000000
102.000000
112.000000
111.000000
112.000000
122.000000
103.000000
61.000000
51.000000
53.000000
43.000000
41.000000
44.000000
44.000000
32.000000
36.000000
33.000000
38.333333
31.666667
43.000000
31.000000
40.000000
28.000000
21.000000
36.000000
26.000000
29.000000
29.000000
28.000000
34.000000
25.000000
28.000000
42.000000
31.000000
33.000000
30.000000
38.000000
21.000000
21.500000
9.500000
20.666667
19.333333
19.400000
10.742857
5.657143
13.485714
5.047619
8.166667
8.750000
5.250000
8.000000
6.750000
3.250000
4.166667
5.888889
4.000000
7.944444
3.500000
1.590909
3.520202
4.888889
5.857143
5.248120
2.228070
6.541667
2.625000
2.500000
9.400000
10.600000
13.000000
8.200000
10.800000
12.333333
12.095238
10.071429
12.700000
14.050000
17.250000
12.500000
13.500000
12.100000
12.900000
16.000000
10.250000
20.250000
10.500000
11.500000
10.000000
14.750000
13.916667
8.000000
4.761905
6.571429
7.000000
8.777778
9.388889
4.833333
7.500000
9.900000
4.933333
6.666667
4.571429
6.539683
6.138889
9.750000
9.000000
4.692308
3.307692
7.294118
5.705882
2.000000
9.000000
1.944444
7.855556
6.800000
1.638095
1.761905
4.700000
2.615789
2.350877
2.733333
1.711111
5.055556
6.083333
3.750000
1.791667
1.787281
2.830144
0.679517
0.253165
0.253165
0.253165
2.026899
5.625000
4.500000
0.689655
0.997845
1.145833
3.100000
2.566667
1.625000
2.160714
2.214286
3.500000
2.000000
2.380952
2.333333
3.285714
7.333333
4.466667
3.522581
0.645161
3.657258
4.451923
2.280220
2.071429
3.571429
4.000000
2.636364
2.030303
3.333333
6.500000
4.884615
0.797203
1.151515
6.666667
2.565217
1.534783
0.500000
0.707692
2.692308
3.571429
3.582418
0.769231
1.849650
1.060606
0.697917
0.885417
2.583333
3.833333
1.791667
2.041667
2.976190
2.190476
5.646667
1.588966
0.689655
0.722861
1.638519
0.800000
1.609412
2.176471
1.627451
2.820513
1.237458
0.775362
0.555556
0.343137
0.130719
0.130719
0.130719
0.130719
0.130719
0.130719
0.130719
2.686275
2.380952
0.952381
1.166667
1.938596
0.947368
0.350877
0.350877
0.476383
0.769231
2.666667
3.166667
3.000000
2.743590
1.115385
1.807692
4.071429
2.482625
0.540541
0.717905
1.437500
0.879630
1.203704
4.916667
5.392857
2.584416
0.526459
0.298507
0.298507
2.749254
4.627273
1.003497
1.769231
3.666667
1.266667
2.166667
1.150000
0.454545
1.581169
0.931677
1.182609
3.700000
0.500000
1.400000
4.230769
4.269231
5.611111
1.388889
1.875000
2.625000
7.428571
2.571429
1.260870
1.011858
1.358852
3.082707
2.785714
3.542857
0.285714
0.285714
0.285714
2.152632
2.197368
3.750000
1.272727
0.606061
0.692641
1.522321
0.625000
1.281250
1.150000
1.921429
0.714286
1.147619
1.949020
2.801858
1.462848
0.294118
0.294118
0.764706
1.400000
4.100000
0.645161
1.354839
2.000000
3.857143
3.211823
0.689655
1.574713
2.939394
2.441558
2.467532
3.418182
2.650000
1.222222
0.627778
1.587500
3.179167
2.253333
0.800000
2.008571
2.071429
0.740741
1.384259
4.975000
2.252941
1.075630
3.428571
6.342857
3.800000
7.666667
6.333333
7.000000
4.500000
4.277778
4.222222
4.285714
3.987013
5.012987
3.464286
3.562500
5.187500
2.066667
2.290476
1.742857
3.066667
3.500000
1.096491
3.736842
2.400000
0.500000
2.850000
3.312500
2.381944
1.732975
0.322581
0.322581
1.510753
0.971751
0.338983
0.338983
2.107858
0.606061
0.703030
1.433333
0.694444
0.615079
1.190476
1.816667
1.850000
0.909091
2.590909
0.700000
0.500000
1.915385
4.438187
0.357143
0.357143
0.621032
0.932540
0.734127
1.194444
1.328947
4.421053
1.194444
0.555556
0.461538
0.384615
0.384615
1.519231
2.115385
1.684615
1.148276
0.773946
0.984674
0.689655
0.618600
0.792541
1.303419
1.805556
1.733333
0.919767
0.465116
0.465116
1.125000
2.110294
0.392157
0.408263
0.714286
2.916667
0.818182
3.515152
3.000000
0.952381
1.714286
2.400000
1.790476
3.587302
2.755556
1.825641
0.512821
1.128205
3.000000
2.666667
0.720721
0.540541
0.590591
0.740741
1.449074
0.625000
1.040816
0.408163
0.408163
1.263547
0.344828
0.344828
0.549655
0.821818
0.850440
0.322581
0.322581
0.322581
0.625000
0.548913
0.434783
0.891304
0.839623
0.377358
0.389402
0.425532
0.425532
4.375887
1.416667
1.750000
0.987179
0.512821
3.407407
0.774411
0.877005
0.588235
1.419608
1.308333
2.982143
2.773292
0.869565
0.869565
0.760064
2.279461
2.890909
1.892308
2.849359
1.058333
3.800000
2.835294
0.588235
0.613971
0.642500
0.800000
3.120000
1.085714
0.571429
2.676190
2.666667
2.300000
1.741667
0.833333
0.244718
0.140845
0.140845
0.140845
0.140845
0.140845
0.140845
0.240691
0.273973
0.273973
0.273242
0.266667
0.266667
0.266667
1.048333
0.302570
0.186916
0.186916
0.186916
0.186916
0.170766
0.160000
0.160000
0.160000
0.160000
0.160000
0.437333
0.709220
0.141844
0.141844
0.141844
0.141844
0.141844
0.141844
0.257898
0.606061
0.482424
0.400000
0.397736
0.377358
0.377358
0.807547
0.741463
0.487805
0.712398
1.494048
0.238095
0.238095
0.238095
0.238095
1.308201
0.370370
0.365591
0.322581
0.322581
0.322581
0.454545
0.454545
1.149303
0.145985
0.145985
0.145985
0.145985
0.145985
0.145985
0.186573
0.219780
0.219780
0.219780
0.219780
0.172414
0.172414
0.172414
0.172414
0.172414
0.280788
0.714286
0.782857
1.537778
0.444444
0.391171
0.089286
0.089286
0.089286
0.089286
0.089286
0.089286
0.089286
0.089286
0.089286
0.089286
0.089286
0.118922
0.120482
0.120482
0.120482
0.120482
0.120482
0.120482
0.120482
0.523650
0.648953
0.434783
0.434783
1.342105
0.526316
0.377481
0.327869
0.327869
0.335649
0.338983
0.338983
1.194636
0.219780
0.219780
0.219780
0.219780
1.582418
1.761905
0.729167
0.625000
2.579167
0.801515
0.151515
0.151515
0.151515
0.151515
0.151515
0.151515
1.103019
0.145985
0.145985
0.145985
0.145985
0.145985
0.145985
0.354907
0.444444
0.424444
0.400000
0.400000
1.080241
0.120482
0.120482
0.120482
0.120482
0.120482
0.120482
0.120482
0.596386
0.910256
0.512821
0.316360
0.281690
0.281690
0.261699
0.215054
0.215054
0.215054
0.215054
0.192386
0.180180
0.180180
0.180180
0.180180
0.173212
0.110497
0.110497
0.110497
0.110497
0.110497
0.110497
0.110497
0.110497
0.110349
0.107527
0.107527
0.107527
0.107527
0.107527
0.107527
0.107527
0.107527
0.107527
0.272783
0.327869
0.327869
0.367591
0.384615
1.012821
0.820513
0.512821
1.285714
0.964286
0.333333
0.333333
1.416667
1.200000
0.743262
0.425532
0.350970
0.176991
0.176991
0.176991
0.176991
0.176991
0.161184
0.152672
0.152672
0.152672
0.152672
0.152672
0.280262
0.961039
0.259740
0.259740
0.259740
0.233904
0.212766
0.212766
0.212766
0.212766
0.804642
0.744514
0.508959
0.087336
0.087336
0.087336
0.087336
0.087336
0.087336
0.087336
0.087336
0.087336
0.087336
0.087336
0.101642
0.104167
0.104167
0.104167
0.104167
0.104167
0.104167
0.104167
0.104167
1.078125
0.833333
0.437853
0.338983
0.338983
0.177713
0.149254
0.149254
0.149254
0.149254
0.149254
0.166866
0.266667
0.266667
0.266667
0.297931
0.344828
0.344828
0.626959
0.632411
0.217391
0.217391
0.217391
0.217391
0.475911
0.540541
0.181499
0.162602
0.162602
0.162602
0.162602
0.162602
0.145996
0.141844
0.141844
0.141844
0.141844
0.141844
0.141844
0.591017
0.548341
0.259740
0.259740
0.259740
0.406357
0.526316
0.230147
0.070671
0.070671
0.070671
0.070671
0.070671
0.070671
0.070671
0.070671
0.070671
0.070671
0.070671
0.070671
0.070671
0.067909
0.065147
0.065147
0.065147
0.065147
0.065147
0.065147
0.065147
0.065147
0.065147
0.065147
0.065147
0.065147
0.065147
0.065147
0.095915
0.270270
0.270270
0.270270
0.221229
0.161290
0.161290
0.161290
0.161290
0.161290
0.153647
0.130719
0.130719
0.130719
0.130719
0.130719
0.130719
0.130719
1.099163
0.104167
0.104167
0.104167
0.104167
0.104167
0.104167
0.104167
0.104167
0.104167
0.342548
0.384615
0.331940
0.173913
0.173913
0.173913
0.173913
0.173913
1.524457
1.578629
0.322581
0.322581
0.322581
0.438351
0.444444
0.163121
0.042553
0.042553
0.042553
0.042553
0.042553
0.042553
0.042553
0.042553
0.042553
0.042553
0.042553
0.042553
0.042553
0.042553
0.042553
0.042553
0.042553
0.042553
0.042553
0.042553
0.042553
0.042553
0.167376
0.666667
0.259072
0.084388
0.084388
0.084388
0.084388
0.084388
0.084388
0.084388
0.084388
0.084388
0.084388
0.084388
1.100894
0.294118
0.294118
0.294118
0.159847
0.144928
0.144928
0.144928
0.144928
0.144928
0.144928
0.036430
0.036430
0.036430
0.036430
0.036430
0.036430
0.036430
0.036430
0.036430
0.036430
0.036430
0.036430
0.036430
0.036430
0.036430
0.036430
0.036430
0.036430
0.036430
0.036430
0.036430
0.036430
0.036430
0.036430
0.036430
0.036430
0.036430
0.516393
0.572000
0.160000
0.160000
0.160000
0.160000
0.160000
0.228000
0.500000
0.428571
0.142857
0.142857
0.142857
0.142857
0.142857
0.142857
0.128175
0.069444
0.069444
0.069444
0.069444
0.069444
0.069444
0.069444
0.069444
0.069444
0.069444
0.069444
0.069444
0.069444
0.069444
0.068683
0.068493
0.068493
0.068493
0.068493
0.068493
0.068493
0.068493
0.068493
0.068493
0.068493
0.068493
0.068493
0.068493
0.145704
0.454545
0.454545
0.869565
0.508213
0.444444
0.520635
0.571429
0.383960
0.350877
0.350877
0.183486
0.183486
0.183486
0.183486
0.183486
0.145069
0.113636
0.113636
0.113636
0.113636
0.113636
0.113636
0.113636
0.113636
1.059659
0.625000
