1245370526
none
22.000000
26.500000
18.500000
17.000000
19.250000
6.750000
16.625000
11.875000
13.500000
22.000000
21.000000
205.000000
264.000000
217.000000
187.000000
153.000000
157.000000
137.000000
110.000000
103.000000
100.000000
92.000000
85.000000
87.000000
71.000000
75.000000
64.000000
52.000000
43.000000
39.000000
62.000000
60.500000
56.500000
50.000000
53.500000
76.500000
99.000000
120.000000
97.000000
126.000000
117.000000
140.000000
142.000000
187.000000
182.000000
173.000000
155.000000
162.000000
173.000000
174.000000
159.000000
133.000000
146.000000
112.500000
49.500000
55.000000
47.000000
47.000000
46.000000
53.000000
39.000000
43.000000
32.800000
34.200000
35.000000
19.000000
23.250000
21.250000
25.500000
36.000000
26.000000
24.000000
24.000000
24.000000
20.000000
21.500000
18.500000
22.000000
33.000000
20.000000
15.000000
19.000000
19.000000
19.375000
4.125000
5.500000
11.333333
14.000000
3.523810
3.517857
2.625000
8.333333
3.380952
4.928571
5.607143
4.750000
1.700000
4.133333
3.500000
2.695238
0.571429
1.955556
1.206349
1.626984
2.811111
1.800000
2.000000
3.666667
3.666667
2.666667
3.909091
1.403409
2.354167
4.333333
1.375000
3.250000
5.775000
5.671429
2.095238
3.500000
3.708333
6.625000
6.500000
7.714286
4.185714
6.100000
4.750000
3.250000
5.807692
4.942308
3.607143
2.071429
0.976190
5.367965
2.031621
1.267081
4.744361
1.150877
1.456410
4.648352
2.178571
1.450000
1.657143
5.142857
1.000000
1.700000
2.633333
4.435897
2.503497
0.606061
2.549784
2.844156
2.650350
3.243590
2.833333
4.888889
4.486111
4.325000
1.966667
3.266667
4.495238
2.821429
2.750000
7.642857
1.294643
0.675403
1.507097
0.800000
0.498605
0.465116
2.916279
2.644444
0.888889
0.444444
0.567050
0.766284
3.555556
0.672619
0.357143
1.329887
0.526316
0.875940
3.214286
1.146617
2.424812
1.385714
1.828571
0.781955
0.956140
0.666667
1.291667
3.625000
4.500000
1.694444
1.737374
2.984848
3.630631
0.540541
0.899004
4.463158
1.800000
4.600000
3.490909
1.818182
2.590909
2.863636
2.922078
2.825397
2.988889
3.233333
3.791667
2.208333
3.121212
0.945455
3.676923
2.286713
3.790210
2.346154
2.500000
1.566667
2.433333
4.666667
2.862745
3.470588
5.000000
3.714286
3.535714
2.350000
5.635294
2.310160
1.392045
1.979167
4.083333
5.409091
1.290909
1.684615
1.847943
0.465116
0.395659
0.266667
0.266667
0.266667
0.310056
0.338983
0.338983
0.709553
1.194805
1.482578
0.487805
0.493902
0.500000
0.805556
1.661836
1.115942
3.095238
0.904762
0.555556
3.111111
8.000000
3.000000
2.333333
5.095238
3.732719
0.645161
2.268548
0.500000
0.758333
3.095238
1.738095
3.833333
2.588235
4.411765
4.000000
3.333333
4.666667
3.375000
5.625000
2.789474
1.099415
3.277778
1.958333
2.693182
1.038961
0.992857
1.372222
1.000000
0.740741
4.870370
5.219298
1.114035
1.666667
1.916667
4.625000
5.958333
3.854167
0.625000
2.437500
0.625000
4.236111
2.555556
2.888889
3.694444
2.750000
1.875000
1.971154
1.591346
1.408654
4.230769
1.323077
1.400000
1.018182
1.464427
0.434783
0.749275
0.778231
0.408163
0.391715
0.298507
0.298507
0.298507
0.652294
1.788360
1.157509
0.747253
0.408163
0.498430
0.769231
3.423077
0.901099
0.476190
1.321429
0.833333
2.416667
2.350877
3.315789
5.066667
2.266667
2.358974
2.907692
2.288889
7.555556
2.333333
3.760684
3.167421
4.399381
2.894737
4.470588
1.446078
3.483333
3.638462
0.769231
2.192308
3.650000
1.900000
3.450000
2.750000
2.750000
3.500000
5.800000
1.450000
1.950000
1.300000
3.666667
4.033333
7.600000
1.507692
2.592308
1.975000
2.670455
1.937304
1.767241
4.113636
1.713287
0.512821
0.854701
3.919192
2.969697
2.895238
0.571429
0.664286
1.035714
0.819149
0.425532
0.386467
0.327869
0.327869
0.280422
0.192308
0.192308
0.192308
0.192308
0.436189
2.027273
2.128571
0.778325
0.344828
0.344828
0.395115
0.416667
0.522436
0.769231
0.476190
0.476190
0.534106
0.528665
0.303030
0.303030
0.303030
0.909091
1.893939
1.045455
2.227273
0.689655
0.768678
1.008333
1.811111
0.981481
0.740741
0.444444
0.444444
0.338384
0.303030
0.303030
0.283550
0.259740
0.259740
0.259740
0.411588
0.512821
0.944193
1.901961
1.430108
0.645161
0.530792
0.454545
0.772727
0.792683
0.487805
2.324775
0.526316
1.118421
3.694444
0.752924
0.263158
0.263158
0.263158
0.571981
1.536415
0.476190
1.428571
1.333333
0.444444
0.888889
0.717949
0.512821
2.343943
0.689655
0.555452
0.545772
0.645161
1.655914
0.666667
0.645161
0.454839
0.222222
0.222222
0.222222
0.222222
0.206987
0.206186
0.206186
0.206186
0.435567
1.416667
0.479401
0.224719
0.224719
0.224719
0.979775
2.252632
0.985104
0.377358
0.377358
1.407547
1.163636
1.401070
1.901961
0.511416
0.273973
0.273973
0.273973
0.434783
0.434783
2.361204
0.512821
0.506410
0.500000
0.964286
1.969925
3.715789
4.350000
5.650000
3.200000
1.900000
4.357143
8.517857
3.625000
6.000000
2.333333
3.666667
4.500000
1.863636
1.181818
3.454545
0.476190
0.476190
3.247619
2.200000
0.700000
0.995238
0.967262
1.116071
0.714286
0.607143
1.533333
0.666667
0.448649
0.270270
0.270270
0.270270
1.072541
0.160000
0.160000
0.160000
0.160000
0.160000
0.160000
0.196119
0.198020
0.198020
0.198020
0.198020
1.232568
0.425532
0.438625
0.512821
0.910256
0.970588
0.629412
0.931250
0.312500
0.312500
0.312500
1.182765
0.202020
0.202020
0.202020
0.202020
0.421356
0.476190
0.372365
0.327869
0.327869
0.403643
0.444444
0.423529
0.392157
0.392157
0.398824
0.400000
0.335269
0.215054
0.215054
0.215054
0.215054
0.140603
0.108696
0.108696
0.108696
0.108696
0.108696
0.108696
0.108696
0.108696
0.310758
0.512821
0.754579
1.142857
0.487973
0.206186
0.206186
0.206186
0.206186
0.620619
1.015385
0.618990
0.312500
0.312500
0.237970
0.176991
0.176991
0.176991
0.176991
0.176991
0.800308
0.422871
0.273973
0.273973
0.579909
0.788804
0.152672
0.152672
0.152672
0.152672
0.152672
0.286918
0.689655
0.185268
0.059172
0.059172
0.059172
0.059172
0.059172
0.059172
0.059172
0.059172
0.059172
0.059172
0.059172
0.059172
0.059172
0.059172
0.059172
0.059172
0.305917
0.333333
0.333333
0.103101
0.077519
0.077519
0.077519
0.077519
0.077519
0.077519
0.077519
0.077519
0.077519
0.077519
0.077519
0.077519
0.588235
1.411765
0.625000
0.461957
0.217391
0.217391
0.217391
0.217391
0.475911
0.540541
1.152027
0.227273
0.227273
0.227273
0.201056
0.052493
0.052493
0.052493
0.052493
0.052493
0.052493
0.052493
0.052493
0.052493
0.052493
0.052493
0.052493
0.052493
0.052493
0.052493
0.052493
0.052493
0.052493
0.086460
0.392157
0.392157
0.212069
0.064725
0.064725
0.064725
0.064725
0.064725
0.064725
0.064725
0.064725
0.064725
0.064725
0.064725
0.064725
0.064725
0.064725
0.141586
0.833333
0.292636
0.232558
0.232558
0.232558
0.554562
0.651669
0.377358
0.377358
0.457075
0.500000
0.740217
0.791925
0.691638
0.487805
0.546748
0.992938
0.169492
0.169492
0.169492
0.169492
0.169492
0.992938
1.128788
0.454545
0.454545
0.310160
0.294118
0.294118
0.459559
0.625000
0.437500
0.416667
0.833333
0.604508
0.327869
0.327869
0.288087
0.266667
0.266667
0.266667
0.240952
0.238095
0.238095
0.238095
0.228732
0.224719
0.224719
0.224719
0.191904
0.093458
0.093458
0.093458
0.093458
0.093458
0.093458
0.093458
0.093458
0.093458
0.093458
1.132965
0.227273
0.227273
0.227273
0.227273
0.168067
0.168067
0.168067
0.168067
0.168067
0.184054
0.487805
0.487805
0.333333
0.333333
0.333333
0.444444
0.444444
0.305916
0.259740
0.259740
0.259740
0.973342
0.177632
0.131579
0.131579
0.131579
0.131579
0.131579
0.131579
0.623988
1.597902
0.227273
0.227273
0.227273
0.284382
0.512821
0.456044
0.285714
0.285714
0.285714
0.371429
0.400000
0.425000
0.500000
0.416667
0.166667
0.166667
0.166667
0.166667
0.166667
0.183140
0.232558
0.232558
0.232558
0.232558
0.076254
0.068027
0.068027
0.068027
0.068027
0.068027
0.068027
0.068027
0.068027
0.068027
0.068027
0.068027
0.068027
0.068027
0.071682
0.082645
0.082645
0.082645
0.082645
0.082645
0.082645
0.082645
0.082645
0.082645
0.082645
0.082645
0.173696
0.689655
0.256719
0.071174
0.071174
0.071174
0.071174
0.071174
0.071174
0.071174
0.071174
0.071174
0.071174
0.071174
0.071174
0.071174
0.115189
0.138889
0.138889
0.138889
0.138889
0.138889
0.138889
0.135992
0.132450
0.132450
0.132450
0.132450
0.132450
0.132450
0.132450
0.308327
0.327869
0.327869
0.125073
0.089286
0.089286
0.089286
0.089286
0.089286
0.089286
0.089286
0.089286
0.089286
0.089286
0.095606
0.099010
0.099010
0.099010
0.099010
0.099010
0.099010
0.099010
0.099010
0.099010
0.147358
0.186916
0.186916
0.186916
0.186916
0.175848
0.131579
0.131579
0.131579
0.131579
0.131579
0.131579
0.131579
0.574371
0.571044
0.206186
0.206186
0.206186
0.206186
0.201286
0.198020
0.198020
0.198020
0.198020
0.244038
0.281690
0.281690
0.281690
1.100000
0.500000
0.505263
0.526316
0.462171
0.312500
0.312500
0.287873
0.066225
0.066225
0.066225
0.066225
0.066225
0.066225
0.066225
0.066225
0.066225
0.066225
0.066225
0.066225
0.066225
0.066225
0.066225
0.043384
0.043384
0.043384
0.043384
0.043384
0.043384
0.043384
0.043384
0.043384
0.043384
0.043384
0.043384
0.043384
0.043384
0.043384
0.043384
0.043384
0.043384
0.043384
0.043384
0.043384
0.043384
0.043384
0.107142
0.110497
0.110497
0.110497
0.110497
0.110497
0.110497
0.110497
0.110497
0.110497
0.110497
0.110497
0.110497
0.110497
0.110497
0.110497
0.110497
0.110497
1.044972
0.040568
0.040568
0.040568
0.040568
0.040568
0.040568
0.040568
0.040568
0.040568
0.040568
0.040568
0.040568
0.040568
0.040568
0.040568
0.040568
0.040568
0.040568
0.040568
0.040568
0.040568
0.040568
0.040568
0.040556
0.040323
0.040323
0.040323
0.040323
0.040323
0.040323
0.040323
0.040323
0.040323
0.040323
0.040323
0.040323
0.040323
0.040323
0.040323
0.040323
0.040323
0.040323
0.040323
0.040323
0.040323
0.040323
0.040323
0.040323
0.077861
0.190476
0.190476
0.190476
0.190476
0.190476
0.032520
0.032520
0.032520
0.032520
0.032520
0.032520
0.032520
0.032520
0.032520
0.032520
0.032520
0.032520
0.032520
0.032520
0.032520
0.032520
0.032520
0.032520
0.032520
0.032520
0.032520
0.032520
0.032520
0.032520
0.032520
0.032520
0.032520
0.032520
0.032520
0.032520
0.049643
0.101010
0.101010
0.101010
0.101010
0.101010
0.101010
0.101010
0.101010
0.101010
0.184301
0.338983
0.338983
0.265405
0.155039
0.155039
0.155039
0.155039
0.155039
0.155039
1.010601
0.056980
0.056980
0.056980
0.056980
0.056980
0.056980
0.056980
0.056980
0.056980
0.056980
0.056980
0.056980
0.056980
0.056980
0.056980
0.056980
0.056980
0.045643
0.034305
0.034305
0.034305
0.034305
0.034305
0.034305
0.034305
0.034305
0.034305
0.034305
0.034305
0.034305
0.034305
0.034305
0.034305
0.034305
0.034305
0.034305
0.034305
0.034305
0.034305
0.034305
0.034305
0.034305
0.034305
0.034305
0.034305
0.034305
0.272298
0.714286
0.259244
0.235294
0.235294
0.235294
0.151513
0.115607
0.115607
0.115607
0.115607
0.115607
0.115607
0.115607
0.114753
0.098522
0.098522
0.098522
0.098522
0.098522
0.098522
0.098522
0.098522
0.098522
