1245195220
none
10.333333
6.030303
5.636364
3.875000
4.432692
5.092308
3.281818
4.318182
3.000000
2.206897
0.689655
4.275862
0.689655
3.709360
2.261905
3.166667
5.285714
2.714286
2.600000
3.622222
1.396825
1.180952
3.290909
2.181818
0.606061
2.216450
1.071429
1.485507
2.893281
1.646853
0.769231
1.278462
0.826667
1.042424
0.363636
0.363636
1.163636
3.142857
0.714286
2.184524
0.833333
2.982143
1.309524
2.708333
2.625000
4.166667
2.476190
3.857143
6.333333
4.561404
3.105263
15.000000
21.000000
15.000000
146.000000
203.000000
117.000000
67.000000
64.000000
100.000000
98.000000
101.000000
94.000000
105.000000
119.000000
256.000000
148.000000
151.000000
138.000000
140.000000
105.000000
129.000000
160.000000
119.000000
116.000000
118.000000
114.000000
121.000000
113.000000
118.000000
113.000000
111.000000
122.000000
97.000000
78.000000
95.000000
65.000000
77.000000
73.000000
82.000000
76.000000
67.000000
65.000000
63.000000
52.000000
42.000000
22.000000
11.333333
9.666667
14.000000
14.000000
13.000000
6.600000
9.066667
8.333333
7.000000
12.666667
11.833333
4.500000
11.750000
16.250000
16.333333
16.166667
29.500000
27.500000
19.000000
16.500000
17.000000
23.833333
13.666667
20.750000
16.250000
15.833333
11.916667
15.750000
12.000000
21.000000
12.000000
5.333333
6.095238
9.404762
3.416667
7.416667
3.500000
4.250000
6.583333
5.500000
4.500000
3.500000
2.100000
4.233333
4.500000
2.166667
4.285714
5.614286
1.178947
3.574899
2.112821
1.376190
5.357143
4.666667
3.606061
3.602273
2.541667
2.916667
3.743590
2.423077
5.625000
3.125000
2.750000
0.869565
4.930435
2.200000
1.863636
2.207792
1.366071
1.408654
3.653846
0.811111
0.444444
2.244444
2.200000
2.800000
1.800000
3.217544
0.350877
0.350877
0.378263
0.487805
0.489634
0.500000
0.697727
1.012987
0.476190
2.238095
1.571429
2.828571
2.100000
0.890244
0.487805
4.121951
3.272727
4.227273
2.625000
2.500000
1.075000
1.890909
2.784091
2.196429
1.128571
1.300000
0.689655
2.110345
2.927273
4.939394
4.333333
0.769231
4.278388
0.952381
4.071429
0.476190
0.785714
2.439394
2.941558
4.535714
2.178571
0.771429
1.800000
1.636364
2.090909
2.201299
1.346429
0.500000
2.346212
0.606061
1.272727
1.900000
3.009091
1.040909
3.250000
3.800000
2.692308
3.623482
1.684211
2.700000
2.350000
1.283333
4.303030
2.590051
0.377358
0.377358
1.463312
0.888889
0.666667
1.250000
2.750000
0.444444
0.444444
1.222222
0.740741
0.318361
0.212766
0.212766
0.212766
0.858156
0.746377
0.434783
1.402174
1.283333
1.561905
0.963585
1.079108
0.689655
0.689655
0.882759
1.178947
1.966507
4.754545
1.422222
2.373016
1.238095
2.362319
2.504348
3.133333
2.809524
1.732143
2.291667
1.333333
3.605263
1.323308
2.349206
1.837607
1.984615
0.951724
0.739943
1.708333
0.800000
0.914286
0.619048
0.476190
1.390476
0.666667
0.649462
0.900538
0.965686
0.588235
1.594629
0.851449
3.250000
1.888889
2.158730
4.085714
1.852174
1.517057
0.307692
0.307692
0.437607
0.740741
1.340608
0.357143
0.358154
0.377358
0.377358
0.431543
0.512821
0.525295
0.540541
0.329424
0.188679
0.188679
0.188679
0.188679
1.495712
0.809697
0.266667
0.266667
0.266667
2.082222
1.194444
2.159091
1.368687
3.650794
1.003861
0.540541
1.397397
2.296296
1.533333
4.085714
1.596639
4.895425
1.944444
0.706349
0.571429
0.384615
0.384615
2.087912
2.285714
0.571429
1.285714
1.750000
2.535714
2.714286
2.200000
1.066667
0.444444
0.558120
0.814103
2.716667
0.663415
0.487805
1.510319
1.871795
2.738095
2.428571
3.833333
0.826667
0.800000
2.218571
0.714286
3.840476
1.680460
0.836207
4.250000
3.250000
2.618421
3.345865
1.142857
0.952381
1.481385
0.363636
0.373232
0.555556
2.416667
1.290909
0.363636
0.350636
0.103627
0.103627
0.103627
0.103627
0.103627
0.103627
0.103627
0.103627
0.103627
2.776462
2.445714
0.800000
0.185038
0.152672
0.152672
0.152672
0.152672
0.152672
0.663032
1.851648
0.993590
2.183333
3.400000
1.600000
0.844444
1.111111
1.808081
4.713287
3.351648
3.071429
1.735294
3.907563
1.593985
1.145511
2.197647
0.800000
3.745000
2.410714
0.714286
1.437500
1.116848
1.772575
0.512821
1.521368
1.099415
1.789474
0.465116
0.465116
1.757267
1.361280
0.487805
0.511034
0.952381
0.740741
2.259259
0.714286
1.285714
1.214286
2.185714
2.126316
1.084795
1.111111
2.277778
2.150000
0.935714
0.571429
0.842857
0.833333
0.555556
1.611111
0.986486
0.529907
0.327869
0.327869
0.327869
1.666667
0.752688
0.649611
0.689655
0.444504
0.312500
0.312500
0.505208
0.750000
0.833333
0.544872
0.512821
3.073260
0.952381
1.411765
0.588235
2.000000
1.405405
0.540541
1.515593
1.288462
2.191176
2.336601
0.555556
0.578431
0.588235
1.333333
1.875000
0.416667
0.625000
1.573529
0.985994
0.761905
1.984127
0.706740
0.327869
0.327869
1.748634
2.742424
0.895257
0.780759
0.425532
0.425532
0.612217
0.851613
1.613699
0.273973
0.273973
0.273973
0.779768
0.579421
0.259740
0.259740
0.259740
1.417278
0.822981
0.714286
1.329493
0.645161
2.596774
0.948276
0.837438
3.142857
1.939850
0.853801
0.555556
0.767677
0.566905
0.224719
0.224719
0.224719
0.230150
0.333333
0.333333
0.341667
0.500000
0.491949
0.338983
0.338983
1.305085
0.800000
1.700000
1.961538
0.840787
0.465116
1.803987
1.474026
0.909091
2.093074
0.952381
2.047619
0.476190
0.476190
1.371429
0.571429
3.557143
2.688679
0.377358
0.377358
1.096077
0.131579
0.131579
0.131579
0.131579
0.131579
0.131579
0.131579
0.095474
0.080000
0.080000
0.080000
0.080000
0.080000
0.080000
0.080000
0.080000
0.080000
0.080000
0.080000
0.245818
0.832266
0.140845
0.140845
0.140845
0.140845
0.140845
0.140845
0.140845
0.080645
0.080645
0.080645
0.080645
0.080645
0.080645
0.080645
0.080645
0.080645
0.080645
0.080645
0.080645
0.122484
0.150376
0.150376
0.150376
0.150376
0.150376
0.150376
0.164544
0.165289
0.165289
0.165289
0.165289
0.165289
0.094790
0.086957
0.086957
0.086957
0.086957
0.086957
0.086957
0.086957
0.086957
0.086957
0.086957
0.328036
0.689655
0.738186
0.355702
0.099010
0.099010
0.099010
0.099010
0.099010
0.099010
0.099010
0.099010
0.099010
0.276778
0.454545
0.356398
0.127389
0.127389
0.127389
0.127389
0.127389
0.127389
0.127389
0.295064
0.500000
1.941667
0.672619
0.357143
0.391807
0.588235
0.923529
0.548936
0.212766
0.212766
0.212766
0.212766
0.073260
0.073260
0.073260
0.073260
0.073260
0.073260
0.073260
0.073260
0.073260
0.073260
0.073260
0.073260
0.073260
0.122888
0.215054
0.215054
0.215054
0.215054
2.087308
0.056980
0.056980
0.056980
0.056980
0.056980
0.056980
0.056980
0.056980
0.056980
0.056980
0.056980
0.056980
0.056980
0.056980
0.056980
0.056980
0.056980
0.078506
0.082305
0.082305
0.082305
0.082305
0.082305
0.082305
0.082305
0.082305
0.082305
0.082305
0.082305
0.124691
0.142857
0.142857
0.142857
0.142857
0.142857
0.142857
0.088460
0.065147
0.065147
0.065147
0.065147
0.065147
0.065147
0.065147
0.065147
0.065147
0.065147
0.065147
0.065147
0.065147
0.065147
0.066651
0.069444
0.069444
0.069444
0.069444
0.069444
0.069444
0.069444
0.069444
0.069444
0.069444
0.069444
0.069444
0.069444
0.069444
0.143178
0.147059
0.147059
0.147059
0.147059
0.147059
0.149590
0.163934
0.163934
0.163934
0.163934
0.163934
0.159105
0.067340
0.067340
0.067340
0.067340
0.067340
0.067340
0.067340
0.067340
0.067340
0.067340
0.067340
0.067340
0.067340
0.067340
0.498316
0.637973
0.109890
0.109890
0.109890
0.109890
0.109890
0.109890
0.109890
0.109890
0.722672
0.417979
0.145985
0.145985
0.145985
0.145985
0.145985
0.145985
0.139953
0.138889
0.138889
0.138889
0.138889
0.138889
0.138889
0.158781
0.169492
0.169492
0.169492
0.169492
0.169492
0.192373
0.200000
0.200000
0.200000
0.200000
0.650000
0.612766
0.425532
0.382829
0.140845
0.140845
0.140845
0.140845
0.140845
0.140845
0.138565
0.095238
0.095238
0.095238
0.095238
0.095238
0.095238
0.095238
0.095238
0.095238
0.095238
1.101997
0.107527
0.107527
0.107527
0.107527
0.107527
0.107527
0.107527
0.107527
0.330645
1.305556
0.622222
0.222222
0.222222
0.222222
0.193772
0.127389
0.127389
0.127389
0.127389
0.127389
0.127389
0.127389
0.132564
0.138889
0.138889
0.138889
0.138889
0.138889
0.138889
0.251225
0.588235
0.310731
0.083682
0.083682
0.083682
0.083682
0.083682
0.083682
0.083682
0.083682
0.083682
0.083682
0.083682
0.147759
0.190476
0.190476
0.190476
0.190476
0.383069
0.740741
0.392157
0.392157
0.288267
0.161290
0.161290
0.161290
0.161290
0.161290
0.161951
0.163934
0.163934
0.163934
0.163934
0.163934
0.216267
0.512821
0.515520
0.526316
0.387469
0.063492
0.063492
0.063492
0.063492
0.063492
0.063492
0.063492
0.063492
0.063492
0.063492
0.063492
0.063492
0.063492
0.063492
0.063492
0.761905
0.371930
0.131579
0.131579
0.131579
0.131579
0.131579
0.131579
0.327485
0.804326
0.088496
0.088496
0.088496
0.088496
0.088496
0.088496
0.088496
0.088496
0.088496
0.088496
0.088496
1.208333
0.416667
1.377217
0.044346
0.044346
0.044346
0.044346
0.044346
0.044346
0.044346
0.044346
0.044346
0.044346
0.044346
0.044346
0.044346
0.044346
0.044346
0.044346
0.044346
0.044346
0.044346
0.044346
0.044346
0.044346
0.191664
0.338983
0.338983
0.179569
0.049140
0.049140
0.049140
0.049140
0.049140
0.049140
0.049140
0.049140
0.049140
0.049140
0.049140
0.049140
0.049140
0.049140
0.049140
0.049140
0.049140
0.049140
0.049140
0.084767
0.227273
0.227273
0.227273
0.227273
0.341751
0.370370
0.351351
0.180180
0.180180
0.180180
0.180180
0.180180
0.212033
0.238095
0.238095
0.238095
0.388095
0.666667
0.218881
0.139860
0.139860
0.139860
0.139860
0.139860
0.139860
0.194132
0.217391
0.217391
0.217391
0.202795
0.071429
0.071429
0.071429
0.071429
0.071429
0.071429
0.071429
0.071429
0.071429
0.071429
0.071429
0.071429
0.071429
0.067581
0.032949
0.032949
0.032949
0.032949
0.032949
0.032949
0.032949
0.032949
0.032949
0.032949
0.032949
0.032949
0.032949
0.032949
0.032949
0.032949
0.032949
0.032949
0.032949
0.032949
0.032949
0.032949
0.032949
0.032949
0.032949
0.032949
0.032949
0.032949
0.032949
0.032949
0.031279
0.030722
0.030722
0.030722
0.030722
0.030722
0.030722
0.030722
0.030722
0.030722
0.030722
0.030722
0.030722
0.030722
0.030722
0.030722
0.030722
0.030722
0.030722
0.030722
0.030722
0.030722
0.030722
0.030722
0.030722
0.030722
0.030722
0.030722
0.030722
0.030722
0.030722
0.030722
0.033815
0.046189
0.046189
0.046189
0.046189
0.046189
0.046189
0.046189
0.046189
0.046189
0.046189
0.046189
0.046189
0.046189
0.046189
0.046189
0.046189
0.046189
0.046189
0.046189
0.046189
0.046189
0.095110
0.135135
0.135135
0.135135
0.135135
0.135135
0.135135
0.138302
0.156250
0.156250
0.156250
0.156250
0.156250
0.156250
0.167268
0.170940
0.170940
0.170940
0.170940
0.170940
0.088523
0.079365
0.079365
0.079365
0.079365
0.079365
0.079365
0.079365
0.079365
0.079365
0.079365
0.079365
0.076104
0.068493
0.068493
0.068493
0.068493
0.068493
0.068493
0.068493
0.068493
0.068493
0.068493
0.068493
0.068493
0.068493
0.068493
0.074602
0.077220
0.077220
0.077220
0.077220
0.077220
0.077220
0.077220
0.077220
0.077220
0.077220
0.077220
0.077220
0.062285
0.057307
0.057307
0.057307
0.057307
0.057307
0.057307
0.057307
0.057307
0.057307
0.057307
0.057307
0.057307
0.057307
0.057307
0.057307
0.057307
0.058242
0.060423
0.060423
0.060423
0.060423
0.060423
0.060423
0.060423
0.060423
0.060423
0.060423
0.060423
0.060423
0.060423
0.060423
0.060423
0.060423
0.099375
0.112360
0.112360
0.112360
0.112360
0.112360
0.112360
0.112360
0.112360
0.040831
0.028209
0.028209
0.028209
0.028209
0.028209
0.028209
0.028209
0.028209
0.028209
0.028209
0.028209
0.028209
0.028209
0.028209
0.028209
0.028209
0.028209
0.028209
0.028209
0.028209
0.028209
0.028209
0.028209
0.028209
0.028209
0.028209
0.028209
0.028209
0.028209
0.028209
0.028209
0.028209
0.028209
0.028209
0.029870
0.032362
0.032362
0.032362
0.032362
0.032362
0.032362
0.032362
0.032362
0.032362
0.032362
0.032362
0.032362
0.032362
0.032362
0.032362
0.032362
0.032362
0.032362
0.032362
0.032362
0.032362
0.032362
0.032362
0.032362
0.032362
0.032362
0.032362
0.032362
0.032362
0.032362
0.037058
0.041754
0.041754
0.041754
0.041754
0.041754
0.041754
0.041754
0.041754
0.041754
0.041754
0.041754
0.041754
0.041754
0.041754
0.041754
0.041754
0.041754
0.041754
0.041754
0.041754
0.041754
0.041754
0.041754
0.087539
0.125000
0.125000
0.125000
0.125000
0.125000
0.125000
