1245186180
none
14.250000
10.416667
9.000000
8.888889
4.444444
7.500000
6.100000
23.400000
343.000000
202.000000
219.000000
223.000000
216.000000
191.000000
193.000000
191.000000
132.000000
165.000000
165.000000
114.000000
134.000000
133.000000
120.000000
92.000000
119.000000
109.000000
123.000000
105.000000
79.000000
81.000000
68.000000
67.000000
58.000000
66.000000
54.000000
48.000000
50.000000
55.500000
40.500000
38.000000
48.000000
47.000000
53.000000
69.000000
46.000000
65.000000
74.000000
88.000000
112.000000
106.000000
53.000000
49.000000
52.000000
47.000000
51.000000
57.000000
46.000000
39.000000
41.000000
43.000000
40.000000
37.000000
33.000000
30.333333
27.666667
25.200000
17.133333
27.333333
24.333333
21.000000
20.500000
40.000000
23.750000
17.416667
31.333333
14.500000
16.000000
10.500000
21.000000
20.500000
19.166667
8.833333
6.833333
5.666667
3.866667
4.133333
8.200000
8.133333
9.888889
7.177778
5.433333
5.666667
6.500000
8.125000
7.875000
3.909091
3.924242
2.100000
5.400000
3.952381
1.130952
2.958333
1.041667
3.500000
3.770833
4.389423
1.811966
0.669935
1.841176
2.600000
4.250000
0.916667
1.833333
1.432432
0.540541
2.652027
1.420455
0.909091
2.451705
1.593750
3.272727
3.327273
4.828571
2.571429
5.000000
5.500000
2.333333
2.404762
1.915751
2.846154
4.250000
5.194444
2.555556
6.400000
4.247059
4.716578
5.969697
3.466667
3.200000
2.500000
6.125000
1.225000
2.816667
4.111111
3.222222
2.000000
1.692308
4.164835
3.330357
1.979167
3.708333
3.177632
1.014035
0.666667
1.766667
3.625000
0.833333
3.426282
3.615385
4.000000
4.000000
2.500000
2.382353
1.742647
1.486111
3.138889
2.450000
6.966667
2.250000
4.583333
2.564516
0.645161
1.438471
0.740741
1.493464
0.588235
3.847594
3.000000
2.000000
2.770053
0.597479
0.285714
0.285714
1.264596
0.434783
0.434783
2.199605
1.279461
0.677249
0.317460
0.317460
0.317460
2.250000
4.985294
0.588235
1.282854
0.425532
0.425532
4.375887
2.444444
2.388889
3.833333
3.866667
3.733333
0.821053
0.526316
4.352632
2.300000
3.011111
3.805556
2.583333
1.388889
3.111111
1.815789
0.350877
0.500000
2.679487
1.692308
1.683761
0.740741
1.197037
0.800000
3.151111
1.947712
3.274510
4.111111
2.143791
2.268908
2.349754
0.689655
1.047893
5.055556
3.000000
1.214286
1.478022
1.870192
2.104167
2.466667
2.700000
1.611111
3.305556
4.083333
4.166667
5.047619
0.952381
3.375000
2.443182
1.835664
2.473813
0.425532
0.425532
1.615027
0.517361
0.317460
0.317460
1.053968
0.878571
0.532967
0.384615
0.384615
1.269231
0.625000
0.415909
0.363636
0.470455
4.238636
0.897233
0.915601
1.938914
0.769231
1.059829
0.734127
0.618726
0.540541
1.912162
3.850000
3.712500
3.154167
4.595833
1.354167
2.916667
4.166667
1.086207
1.649087
1.082888
2.515152
1.846667
1.764444
5.555556
1.428571
4.763736
0.769231
0.717033
1.321429
1.666667
0.750000
0.555556
2.944444
0.761905
1.008929
2.512500
1.849180
0.327869
0.327869
0.390320
1.104762
5.383333
3.416667
0.625000
0.498077
0.307692
0.307692
0.861538
0.809091
0.454545
0.873206
0.731908
0.674107
0.890476
0.333333
0.333333
1.300000
3.307692
1.379808
1.676136
2.000000
0.728671
0.307692
0.307692
0.323558
0.625000
2.429957
0.344828
0.344828
0.724138
3.277778
1.339869
1.437908
2.319444
0.525000
0.444444
0.465079
0.476190
1.510582
0.828704
2.975000
2.263636
1.097902
2.230769
1.474359
1.583333
1.602941
0.588235
1.751131
2.248869
2.058824
3.571429
2.193277
2.919505
1.854251
2.528205
1.333333
3.600000
1.281250
0.625000
2.593750
3.115385
2.564615
0.400000
0.400000
4.120000
1.423810
3.676190
2.270588
1.053221
1.064426
1.911765
1.833333
1.666667
1.500000
0.833333
3.666667
2.000000
1.800000
3.700000
2.038462
1.818681
1.330357
1.362500
0.500000
0.700000
1.232759
1.231527
3.085714
2.252632
1.233083
2.835498
0.606061
1.331551
1.095023
0.769231
1.076923
1.263158
1.898132
0.645161
0.802244
2.391304
1.105263
1.394737
2.761905
0.476190
2.296388
0.689655
3.003135
2.606061
3.820513
1.346154
3.900000
1.339130
2.722408
1.405128
2.383333
1.972222
4.027778
1.950000
1.550000
0.865385
2.241758
3.311871
0.281690
0.281690
1.307606
0.800000
4.160000
3.000000
2.916667
2.483333
6.200000
8.650000
2.638889
2.736111
3.605769
2.269231
3.142857
2.049451
2.141026
2.537037
0.806100
2.156863
3.960784
2.991597
3.114286
4.822222
4.777778
7.000000
3.560000
2.002500
1.881944
1.324786
3.008547
4.683761
1.538462
5.500000
1.973684
1.859649
0.958333
0.416667
1.330128
0.769231
0.426683
0.312500
0.312500
1.909856
0.655769
0.500000
2.149074
0.740741
2.443250
0.645161
1.096774
1.352941
0.588235
0.658824
1.900000
3.900000
1.850000
1.967391
2.282609
0.822034
0.338983
0.338983
1.607143
1.726190
2.833333
1.833333
1.375000
1.125000
0.812500
2.158088
2.243697
3.660714
2.958333
3.916667
1.070000
1.965714
3.492063
4.079365
1.248120
1.109023
1.535714
2.375000
1.375000
2.743902
0.487805
1.018293
2.520270
0.540541
1.504979
1.702729
0.185185
0.185185
0.185185
0.185185
0.185185
1.310458
0.392157
0.417457
0.645161
0.669633
0.738337
2.025210
0.915966
0.588235
0.451707
0.246914
0.246914
0.246914
1.203351
0.285714
0.285714
0.285714
0.285714
0.285714
0.285714
0.492857
1.142857
0.940476
1.045045
0.540541
0.506081
0.500000
0.560714
0.543697
0.294118
0.294118
0.294118
5.118538
0.606061
1.401372
0.377358
0.377358
0.636119
1.298701
1.011858
0.960870
0.751613
0.923387
2.553571
2.114907
0.869565
2.301242
1.042857
0.571429
2.244156
0.363636
0.363636
0.464706
0.588235
2.385154
0.867168
0.526316
0.796992
1.674877
0.689655
0.673563
0.933333
1.835294
0.588235
2.176471
1.882353
0.900256
0.505853
0.384615
0.469780
0.909774
0.526316
0.754386
1.146667
0.986667
0.687179
0.256410
0.256410
0.256410
0.120000
0.061538
0.061538
0.061538
0.061538
0.061538
0.061538
0.061538
0.061538
0.061538
0.061538
0.061538
0.061538
0.061538
0.061538
0.061538
0.462418
1.628571
0.285714
0.285714
0.285714
0.624176
2.485348
0.476190
0.476190
1.723810
0.497183
0.281690
0.281690
0.333187
0.625000
0.496936
0.392157
0.392157
1.809524
0.600733
0.512821
0.730769
2.636476
0.645161
1.864516
0.661538
0.512821
2.175641
0.333333
0.333333
0.592424
1.368687
1.122222
1.047368
1.156798
0.416667
0.416667
2.062500
1.288889
0.444444
2.480952
1.119048
0.848485
1.197492
1.656404
0.714286
2.413265
0.408163
0.408163
0.579232
0.532086
0.363636
0.363636
1.239789
0.144928
0.144928
0.144928
0.144928
0.144928
0.144928
1.322464
1.774390
0.487805
0.487805
1.481481
0.590808
0.240964
0.240964
0.240964
0.233391
0.190476
0.190476
0.190476
0.190476
0.190476
1.796825
1.283447
0.408163
0.408163
0.396959
0.392157
0.458333
0.833333
1.291667
0.555556
0.565873
0.571429
0.410084
0.392157
0.488235
0.666667
2.165574
0.327869
0.327869
0.389800
0.740741
2.388148
0.836923
0.967033
0.109890
0.109890
0.109890
0.109890
0.109890
0.109890
0.109890
0.109890
0.476923
0.992857
0.621706
0.097087
0.097087
0.097087
0.097087
0.097087
0.097087
0.097087
0.097087
0.097087
0.097087
0.722896
1.350490
0.588235
0.467227
0.285714
0.285714
0.285714
0.150193
0.135135
0.135135
0.135135
0.135135
0.135135
0.135135
0.655803
0.551550
0.215054
0.215054
0.215054
0.215054
0.080321
0.080321
0.080321
0.080321
0.080321
0.080321
0.080321
0.080321
0.080321
0.080321
0.080321
0.080321
1.101080
0.259740
0.259740
0.259740
0.303992
0.370370
0.370370
1.454861
0.625000
0.225128
0.204082
0.204082
0.204082
0.217133
0.465116
0.465116
2.131877
0.243902
0.243902
0.243902
0.495427
0.835041
0.327869
0.327869
0.347665
0.377358
0.377358
0.372117
0.370370
0.414352
1.065705
0.512821
0.858974
1.626126
0.180180
0.180180
0.180180
0.180180
0.170395
0.114943
0.114943
0.114943
0.114943
0.114943
0.114943
0.114943
0.114943
0.513218
1.598611
0.138889
0.138889
0.138889
0.138889
0.138889
0.138889
0.390783
1.102273
0.625000
1.175824
0.219780
0.219780
0.219780
0.498168
0.809524
0.285714
0.285714
0.285714
0.666667
0.497268
0.327869
0.327869
0.353405
0.384615
0.384615
0.435470
0.444444
1.177778
2.250000
2.350000
1.472727
0.363636
0.363636
1.272727
0.181818
0.181818
0.181818
0.181818
0.181818
0.491866
0.526316
1.244444
0.444444
1.369935
0.392157
0.392157
0.223529
0.111111
0.111111
0.111111
0.111111
0.111111
0.111111
0.111111
0.111111
0.220915
0.294118
0.294118
1.252243
0.338983
0.338983
1.376513
1.031513
0.294118
0.294118
0.294118
0.919468
0.231602
0.151515
0.151515
0.151515
0.151515
0.151515
0.277489
0.571429
0.507143
0.454545
0.451010
0.444444
0.445455
0.454545
0.454545
1.597179
0.654158
0.588235
0.325148
0.183486
0.183486
0.183486
0.183486
0.718218
1.461358
0.327869
0.327869
0.324989
0.270270
0.270270
0.270270
0.355163
0.512821
0.383164
0.188679
0.188679
0.188679
0.188679
0.323657
0.984615
0.307692
0.307692
0.746154
1.261905
1.315018
0.512821
0.460256
0.250000
0.250000
0.250000
0.311111
0.555556
1.545455
0.606061
0.700337
0.740741
0.740741
0.800000
1.485714
1.857143
1.085714
0.571429
0.619355
0.691756
1.196581
1.965035
1.027273
0.500000
0.400000
0.333333
0.333333
1.265409
0.377358
0.377358
0.463208
0.500000
0.850000
0.522222
0.317460
0.317460
0.200149
0.104167
0.104167
0.104167
0.104167
0.104167
0.104167
0.104167
0.104167
0.104167
0.166225
0.169492
0.169492
0.169492
0.169492
0.206471
0.909091
0.155281
0.115607
0.115607
0.115607
0.115607
0.115607
0.115607
0.115607
0.149107
0.227273
0.227273
0.227273
0.227273
0.643417
1.924765
1.106719
1.597826
2.000000
0.357143
0.357143
1.407807
0.465116
2.293938
0.327869
0.327869
0.454494
0.689655
3.068966
1.222222
0.740741
0.863124
0.766506
0.529029
0.270270
0.270270
0.270270
0.472973
0.540541
1.179054
0.416667
0.416667
0.859848
1.408233
0.377358
0.377358
0.631771
2.387097
0.137931
0.137931
0.137931
0.137931
0.137931
0.137931
0.137931
1.068574
0.227273
0.227273
0.227273
0.227273
0.806818
0.538462
0.384615
0.345216
0.121951
0.121951
0.121951
0.121951
0.121951
0.121951
0.121951
0.121951
0.333684
0.344828
0.356158
0.571429
0.587500
0.625000
0.307158
0.170940
0.170940
0.170940
0.170940
0.170940
0.283217
0.303030
0.303030
0.515674
0.694764
0.740741
0.393519
0.277778
0.277778
0.282986
0.312500
0.312500
0.312500
0.299207
0.298507
0.298507
0.148671
0.048780
0.048780
0.048780
0.048780
0.048780
0.048780
0.048780
0.048780
0.048780
0.048780
0.048780
0.048780
0.048780
0.048780
0.048780
0.048780
0.048780
0.048780
0.048780
0.210569
0.854747
0.042827
0.042827
0.042827
0.042827
0.042827
0.042827
0.042827
0.042827
0.042827
0.042827
0.042827
0.042827
0.042827
0.042827
0.042827
0.042827
0.042827
0.042827
0.042827
0.042827
0.042827
0.042827
0.411403
0.729895
0.139860
0.139860
0.139860
0.139860
0.139860
0.139860
2.805944
0.711538
0.512821
0.638544
0.609319
0.555556
0.972222
0.475352
0.281690
0.281690
1.211268
0.357143
0.357143
0.476190
0.815975
0.043011
0.043011
0.043011
0.043011
0.043011
0.043011
0.043011
0.043011
0.043011
0.043011
0.043011
0.043011
0.043011
0.043011
0.043011
0.043011
0.043011
0.043011
0.043011
0.043011
0.043011
0.043011
0.043011
1.337634
0.848485
1.818182
1.937500
0.926136
3.188995
0.210526
0.210526
0.210526
0.210526
0.215153
0.219780
0.219780
0.219780
0.219780
0.161783
0.158730
0.158730
0.158730
0.158730
0.158730
0.206718
0.232558
0.232558
0.232558
0.689624
0.820513
0.512821
1.189744
0.307692
0.307692
0.307692
0.360839
0.363636
0.540909
2.150000
1.618519
0.370370
0.370370
0.411472
0.487805
1.341463
1.727273
0.416795
0.169492
0.169492
0.169492
0.169492
0.169492
1.108475
0.500000
1.542857
2.357143
0.905405
0.540541
2.304054
0.924603
0.317460
0.317460
0.661064
2.590950
0.153846
0.153846
0.153846
0.153846
0.153846
0.153846
1.515385
1.318182
0.774411
0.557407
0.333333
0.333333
0.344048
0.357143
0.357143
1.250000
0.208333
0.208333
0.208333
0.208333
1.541667
0.600000
0.111111
0.111111
0.111111
0.111111
0.111111
0.111111
0.111111
0.111111
0.103895
0.103093
0.103093
0.103093
0.103093
0.103093
0.103093
0.103093
0.103093
0.111460
0.144928
0.144928
0.144928
0.144928
0.144928
0.144928
0.247791
0.487805
0.583245
0.791537
0.089286
0.089286
0.089286
0.089286
0.089286
0.089286
0.089286
0.089286
0.089286
0.089286
0.089286
0.701236
1.057692
1.598837
0.465116
0.436047
0.416667
0.619048
0.892857
0.357143
0.357143
0.256079
0.212766
0.212766
0.212766
0.212766
0.149254
0.149254
0.149254
0.149254
0.149254
0.149254
0.258324
