1245061901
none
6.666667
6.333333
5.666667
7.333333
7.500000
5.318182
6.181818
4.666667
10.083333
4.019231
4.430769
2.569231
6.730769
3.500000
152.000000
362.000000
294.000000
223.000000
263.000000
232.000000
220.000000
210.000000
223.000000
204.000000
168.000000
140.000000
171.000000
179.000000
134.000000
147.000000
152.000000
116.000000
130.000000
126.000000
146.000000
124.000000
138.000000
116.000000
132.000000
77.000000
89.000000
91.000000
99.000000
106.000000
87.000000
94.000000
105.000000
104.500000
97.500000
94.000000
95.000000
83.000000
94.000000
78.000000
87.000000
91.000000
68.000000
35.000000
21.000000
24.000000
18.000000
23.000000
15.250000
11.083333
16.333333
14.333333
8.250000
9.583333
7.966667
11.700000
9.100000
9.066667
15.333333
13.250000
10.750000
19.500000
13.666667
7.469697
9.863636
13.500000
16.666667
15.333333
17.666667
21.083333
15.250000
24.750000
21.535714
6.380952
5.859649
5.140351
4.333333
7.875000
10.375000
6.100000
1.427778
8.722222
9.833333
9.666667
4.857143
7.392857
6.250000
8.000000
6.000000
3.500000
7.000000
8.500000
1.970588
5.029412
5.617647
2.132353
1.750000
6.727273
7.844156
3.828571
4.885714
7.380952
4.500000
3.083333
3.321429
6.428571
3.800000
4.450000
5.500000
7.750000
5.607143
0.714286
3.623016
1.698413
3.357143
4.875000
3.291667
3.833333
3.300000
4.700000
1.884615
1.215385
2.150000
2.708333
0.953431
2.921569
4.041667
0.937500
0.625000
1.840278
0.650794
0.476190
1.428571
1.142857
2.523810
4.333333
2.809524
3.092437
2.117647
2.447059
3.866667
3.862745
4.470588
3.454545
3.545455
1.500000
6.300000
5.200000
2.200000
2.300000
4.625000
2.875000
4.117647
1.266968
3.815385
2.061905
0.476190
1.449405
4.812500
3.000000
5.230769
3.435897
6.133333
3.325000
2.475000
2.511111
2.222222
1.566667
2.554545
1.545455
1.714286
2.035714
3.250000
5.100000
2.100000
3.633333
3.666667
1.433333
1.691667
1.319444
3.833333
2.972222
3.083333
9.166667
0.952381
3.110119
1.493056
3.444444
1.666667
2.787879
1.160839
0.984615
1.850000
0.775000
0.500000
0.387500
0.250000
0.250000
0.250000
0.587500
1.902941
1.547059
2.322222
0.555556
1.396135
0.856390
0.606061
1.252525
2.034188
2.576923
1.269231
2.819005
2.911765
1.282609
2.717391
1.394737
1.505263
1.600000
1.350000
1.750000
2.542857
2.902597
2.223776
2.330769
3.185714
4.114286
2.781818
2.518182
3.500000
2.360000
0.849091
0.895257
1.945652
3.305556
1.764444
1.180000
2.730769
1.951049
2.103896
2.901786
3.368056
2.844444
5.812121
0.606061
4.981818
3.123077
3.269231
0.769231
2.402098
2.181818
5.621212
2.166667
1.600000
3.066667
3.714286
2.824176
2.336538
3.291667
1.203704
1.379630
1.800000
1.688095
1.861905
1.081818
1.258182
0.988571
2.571429
1.387755
0.408163
2.454082
0.879412
0.235294
0.235294
0.235294
1.021849
2.267857
0.500000
0.462719
0.350877
0.350877
1.585526
3.625000
1.428571
3.802198
2.054945
2.093596
1.020690
2.475000
2.717593
1.099715
2.807692
2.333333
4.166667
0.740741
1.259259
3.500000
0.882353
0.588235
0.934174
1.552381
1.542857
3.500000
2.041667
0.601190
0.317460
0.317460
0.361757
0.465116
0.545349
1.902632
0.526316
0.621053
1.371429
1.373016
3.180556
1.125000
1.821429
1.928571
1.400000
0.500000
0.715385
1.956044
1.252101
1.828645
1.420997
0.487805
0.572358
2.200000
2.888889
3.034188
0.512821
1.076923
0.936455
0.772947
0.888889
0.972222
0.790230
0.689655
0.710591
1.859524
0.857658
0.540541
2.135135
1.052632
0.977671
0.303030
0.303030
0.303030
0.346320
0.357143
0.357143
0.285714
0.285714
0.285714
2.517857
1.375000
1.431818
1.241259
0.673077
0.384615
0.384615
0.582891
0.689655
0.689655
1.839080
3.855072
0.869565
1.275362
3.560606
1.856061
2.202381
3.047619
2.466667
0.960000
1.906667
2.733333
0.815686
0.392157
0.392157
3.093750
0.312500
0.312500
0.327762
0.465116
0.465116
0.536769
0.563410
0.769231
1.397749
0.487805
0.868293
0.918519
1.503221
0.434783
0.434783
2.801003
2.307692
1.301587
0.317460
0.317460
1.442802
0.820690
1.900000
1.223529
0.588235
0.654902
1.016667
0.782520
0.487805
0.613008
0.723810
1.184524
1.108871
1.316129
0.663415
0.487805
1.336916
0.338983
0.338983
0.816507
0.645963
0.571429
0.444444
0.444444
0.763285
1.432572
0.338983
0.338983
1.419106
1.211039
0.732143
0.833333
0.635417
1.281250
1.812500
2.312500
5.571429
3.691729
2.191388
1.695455
1.850000
2.133333
1.866667
2.894737
0.705263
1.715789
2.746711
1.122685
0.740741
3.074074
0.465116
0.465116
1.142938
0.487805
0.724739
1.914286
0.363636
0.363636
1.517172
3.555556
3.521739
1.478261
1.000000
0.384615
0.384615
1.341880
4.088889
2.600000
0.713514
0.577396
0.909091
3.115385
0.384615
0.384615
1.751748
1.681818
0.454545
2.245130
0.357143
0.357143
0.332792
0.259740
0.259740
0.259740
0.822511
2.471264
0.689655
0.521251
0.465116
1.307259
0.303030
0.303030
1.281423
0.173913
0.173913
0.173913
0.173913
0.173913
0.978882
0.718615
1.824242
1.544444
2.705556
2.127778
2.240079
0.178571
0.178571
0.178571
0.178571
0.178571
0.524068
0.731884
0.476190
1.190476
2.500000
1.282051
0.643236
0.344828
0.344828
1.436340
0.789298
0.289855
0.289855
0.496377
0.789568
0.071942
0.071942
0.071942
0.071942
0.071942
0.071942
0.071942
0.071942
0.071942
0.071942
0.071942
0.071942
0.071942
0.140224
0.176991
0.176991
0.176991
0.176991
0.176991
2.034014
0.136054
0.136054
0.136054
0.136054
0.136054
0.136054
0.136054
0.074416
0.067568
0.067568
0.067568
0.067568
0.067568
0.067568
0.067568
0.067568
0.067568
0.067568
0.067568
0.067568
0.067568
0.102477
0.416667
0.416667
0.330882
0.294118
0.294118
0.273298
0.224719
0.224719
0.224719
0.224719
0.380647
0.408163
0.625850
0.923395
0.790890
0.476190
0.465608
0.370370
0.370370
0.488889
0.666667
0.457971
0.434783
0.719368
0.575027
0.240964
0.240964
0.240964
0.695088
1.506482
0.224719
0.224719
0.224719
0.224719
0.187759
0.175439
0.175439
0.175439
0.175439
0.208333
0.833333
0.206731
0.096154
0.096154
0.096154
0.096154
0.096154
0.096154
0.096154
0.096154
0.096154
0.124313
0.158730
0.158730
0.158730
0.158730
0.158730
0.149996
0.100503
0.100503
0.100503
0.100503
0.100503
0.100503
0.100503
0.100503
0.100503
0.128595
0.240964
0.240964
0.240964
0.240027
0.222222
0.222222
0.222222
0.222222
0.191667
0.166667
0.166667
0.166667
0.166667
0.166667
1.075000
1.142857
0.476190
0.571429
0.835386
0.172414
0.172414
0.172414
0.172414
0.172414
0.194422
0.235294
0.235294
0.235294
0.236765
0.250000
0.250000
0.250000
0.252397
0.273973
0.273973
0.273973
0.342174
0.425532
0.434261
0.512821
0.512821
0.512821
0.717949
1.714696
0.149254
0.149254
0.149254
0.149254
0.149254
0.149254
0.210661
0.285714
0.285714
0.285714
0.068571
0.057143
0.057143
0.057143
0.057143
0.057143
0.057143
0.057143
0.057143
0.057143
0.057143
0.057143
0.057143
0.057143
0.057143
0.057143
0.057143
0.087329
0.124224
0.124224
0.124224
0.124224
0.124224
0.124224
0.124224
0.119478
0.112360
0.112360
0.112360
0.112360
0.112360
0.112360
0.112360
0.112360
0.582496
0.741977
0.487805
0.514173
0.540541
0.653475
0.785714
0.831967
0.327869
0.327869
1.062295
1.224242
0.121212
0.121212
0.121212
0.121212
0.121212
0.121212
0.121212
0.121212
0.797727
1.471491
0.526316
0.672065
1.205128
1.719697
0.454545
0.659091
0.655556
0.444444
0.431746
0.317460
0.317460
0.317460
0.150625
0.141844
0.141844
0.141844
0.141844
0.141844
0.141844
0.559639
0.610795
0.625000
0.277574
0.090498
0.090498
0.090498
0.090498
0.090498
0.090498
0.090498
0.090498
0.090498
0.090498
0.836199
1.272727
0.121212
0.121212
0.121212
0.121212
0.121212
0.121212
0.121212
0.778788
1.039130
0.897233
0.843636
1.297778
0.708709
0.846847
1.247312
0.548984
0.370370
0.370370
1.129630
0.465116
0.465116
0.302644
0.273973
0.273973
0.719178
1.092593
0.484330
0.170940
0.170940
0.170940
0.170940
0.170940
0.496947
0.587689
0.081301
0.081301
0.081301
0.081301
0.081301
0.081301
0.081301
0.081301
0.081301
0.081301
0.081301
0.081301
0.347753
0.377358
0.434534
0.606061
2.284091
0.416667
0.416667
0.170455
0.064935
0.064935
0.064935
0.064935
0.064935
0.064935
0.064935
0.064935
0.064935
0.064935
0.064935
0.064935
0.064935
0.064935
0.058700
0.044150
0.044150
0.044150
0.044150
0.044150
0.044150
0.044150
0.044150
0.044150
0.044150
0.044150
0.044150
0.044150
0.044150
0.044150
0.044150
0.044150
0.044150
0.044150
0.044150
0.044150
0.044150
0.058642
0.066445
0.066445
0.066445
0.066445
0.066445
0.066445
0.066445
0.066445
0.066445
0.066445
0.066445
0.066445
0.066445
0.066445
0.350902
0.540541
0.269064
0.178571
0.178571
0.178571
0.178571
0.262897
0.740741
0.287279
0.173913
0.173913
0.173913
0.173913
0.178204
0.259740
0.259740
0.259740
0.493506
0.914286
0.400000
0.400000
0.714286
1.314016
0.094340
0.094340
0.094340
0.094340
0.094340
0.094340
0.094340
0.094340
0.094340
0.094340
0.851831
0.325593
0.175439
0.175439
0.175439
0.175439
0.203668
0.363636
0.363636
0.751515
0.571505
0.161290
0.161290
0.161290
0.161290
0.161290
0.369960
0.625000
0.579464
0.764286
1.047872
0.425532
0.471040
0.555556
1.096154
0.363148
0.232558
0.232558
0.232558
1.293023
0.977778
0.444444
0.402368
0.163934
0.163934
0.163934
0.163934
0.163934
0.194199
0.769231
0.486425
0.392157
0.354963
0.206186
0.206186
0.206186
0.206186
0.271276
0.392157
0.392157
0.878431
0.300629
0.125786
0.125786
0.125786
0.125786
0.125786
0.125786
0.125786
2.018868
0.303030
0.303030
0.303030
0.316716
0.322581
0.322581
0.401760
0.454545
0.324009
0.128205
0.128205
0.128205
0.128205
0.128205
0.128205
0.128205
0.173731
0.204082
0.204082
0.204082
0.204082
1.192177
0.238095
0.238095
0.238095
0.207792
0.151515
0.151515
0.151515
0.151515
0.151515
0.151515
0.296499
0.344828
0.344828
0.287835
0.277778
0.277778
0.293079
0.338983
0.338983
0.537288
1.015789
0.781433
0.277778
0.277778
0.277778
0.646368
1.241259
1.302697
0.219780
0.219780
0.219780
0.219780
1.037975
0.253165
0.253165
0.253165
0.287638
0.425532
0.425532
0.378645
0.370370
0.445250
0.869565
0.909091
0.305195
0.238095
0.238095
0.238095
1.098456
0.540541
1.232432
2.033333
0.201465
0.036630
0.036630
0.036630
0.036630
0.036630
0.036630
0.036630
0.036630
0.036630
0.036630
0.036630
0.036630
0.036630
0.036630
0.036630
0.036630
0.036630
0.036630
0.036630
0.036630
0.036630
0.036630
0.036630
0.036630
0.036630
0.036630
0.825321
0.374313
0.219780
0.219780
0.219780
0.240803
0.289855
0.289855
0.289855
1.111660
0.454545
0.454545
1.210227
0.312500
0.312500
1.076389
0.324594
0.224719
0.224719
0.224719
1.263303
0.377358
0.377358
1.170097
0.101010
0.101010
0.101010
0.101010
0.101010
0.101010
0.101010
0.101010
0.101010
1.532393
0.732759
0.776667
0.266667
0.266667
0.266667
0.348333
0.500000
0.360897
0.102564
0.102564
0.102564
0.102564
0.102564
0.102564
0.102564
0.102564
0.102564
1.045317
0.085837
0.085837
0.085837
0.085837
0.085837
0.085837
0.085837
0.085837
0.085837
0.085837
0.085837
0.169149
0.294118
0.294118
0.294118
1.088889
0.222222
0.222222
0.222222
0.222222
0.233987
0.235294
0.235294
0.235294
0.327636
0.377358
0.377358
0.078125
0.078125
0.078125
0.078125
0.078125
0.078125
0.078125
0.078125
0.078125
0.078125
0.078125
0.078125
0.100236
0.188679
0.188679
0.188679
0.188679
0.188679
0.401847
0.425532
0.374823
0.333333
0.333333
0.234615
0.153846
0.153846
0.153846
0.153846
0.153846
0.161538
0.307692
0.307692
0.307692
0.150427
0.111111
0.111111
0.111111
0.111111
0.111111
0.111111
0.111111
0.111111
0.074002
0.064725
0.064725
0.064725
0.064725
0.064725
0.064725
0.064725
0.064725
0.064725
0.064725
0.064725
0.064725
0.064725
0.064725
0.106291
0.183486
0.183486
0.183486
0.183486
0.183486
0.446920
0.476190
0.195238
0.125000
0.125000
0.125000
0.125000
0.125000
0.125000
0.125000
0.159454
0.168067
0.168067
0.168067
0.168067
0.168067
0.148398
0.144928
0.144928
0.144928
0.144928
0.144928
0.144928
0.079765
0.076336
0.076336
0.076336
0.076336
0.076336
0.076336
0.076336
0.076336
0.076336
0.076336
0.076336
0.076336
0.578117
0.446272
0.036969
0.036969
0.036969
0.036969
0.036969
0.036969
0.036969
0.036969
0.036969
0.036969
0.036969
0.036969
0.036969
0.036969
0.036969
0.036969
0.036969
0.036969
0.036969
0.036969
0.036969
0.036969
0.036969
0.036969
0.036969
0.036969
0.225878
0.666667
0.187755
0.068027
0.068027
0.068027
0.068027
0.068027
0.068027
0.068027
0.068027
0.068027
0.068027
0.068027
0.068027
0.068027
0.078466
0.172414
0.172414
0.172414
0.172414
0.172414
0.151940
0.104167
0.104167
0.104167
0.104167
0.104167
0.104167
0.104167
0.104167
0.104167
0.281250
0.357143
0.357143
0.188257
0.169492
0.169492
0.169492
0.169492
0.169492
0.190476
0.190476
0.190476
0.190476
0.190476
0.172619
0.166667
0.166667
0.166667
0.166667
0.166667
0.175595
0.178571
0.178571
0.178571
0.178571
1.208929
0.571429
0.550916
0.512821
0.358007
0.125786
0.125786
0.125786
0.125786
0.125786
0.125786
0.125786
0.359505
0.645161
0.187804
0.136986
0.136986
0.136986
0.136986
0.136986
0.136986
0.104587
0.082988
0.082988
0.082988
0.082988
0.082988
0.082988
0.082988
0.082988
0.082988
0.082988
0.082988
0.115359
0.141844
0.141844
0.141844
0.141844
0.141844
0.141844
0.106509
0.071174
0.071174
0.071174
0.071174
0.071174
0.071174
0.071174
0.071174
0.071174
0.071174
0.071174
0.071174
0.071174
0.085538
0.103093
0.103093
0.103093
0.103093
0.103093
0.103093
0.103093
0.103093
