1245036381
none
17.333333
17.000000
8.166667
12.700000
5.550000
5.750000
6.500000
6.500000
7.500000
4.590909
5.159091
3.250000
11.125000
4.060185
0.740741
5.255892
1.818182
4.500000
3.333333
2.166667
4.285714
3.714286
4.666667
4.000000
108.333333
155.000000
159.000000
142.000000
129.000000
128.000000
122.000000
117.000000
144.000000
144.000000
152.000000
187.000000
174.000000
200.000000
177.000000
170.000000
167.000000
162.000000
161.000000
156.000000
153.000000
139.000000
117.000000
133.000000
134.000000
112.000000
131.000000
126.000000
136.000000
89.000000
100.000000
126.000000
125.000000
117.000000
132.000000
109.000000
78.000000
95.000000
69.000000
90.000000
117.000000
78.000000
63.500000
26.500000
21.000000
25.000000
34.000000
30.000000
27.500000
25.500000
21.000000
20.000000
27.000000
19.000000
15.000000
14.714286
15.285714
17.000000
13.000000
10.000000
9.000000
14.000000
13.000000
6.000000
9.000000
9.500000
7.071429
5.428571
4.636364
4.563636
5.800000
4.750000
11.557692
5.358974
2.904762
3.197802
2.665552
2.065217
5.833333
2.074074
1.037037
8.555556
8.357143
2.726190
4.916667
6.666667
3.222222
3.711111
6.400000
2.500000
14.166667
7.666667
4.380952
5.952381
8.933333
1.300000
5.100000
4.000000
10.333333
3.708333
0.833333
4.125000
3.600000
1.988235
2.661765
5.607143
2.142857
3.428571
4.821429
7.350000
6.800000
3.475000
6.410714
8.714286
6.666667
6.633333
2.512500
3.812500
4.660714
6.964286
5.250000
7.333333
5.166667
6.157895
2.592105
4.666667
4.916667
2.888889
2.050505
3.821023
0.625000
2.343750
2.137500
2.907143
0.714286
3.392857
2.876623
0.909091
4.116883
0.259740
0.259740
0.259740
1.574484
1.446078
1.257246
1.159420
4.979167
3.131944
2.055556
5.166667
3.666667
6.666667
0.769231
4.516484
6.787456
0.487805
1.439024
4.500000
2.357143
5.267857
2.187500
2.142045
4.795455
3.125000
3.767857
1.428571
1.974026
1.517045
1.562500
2.708333
4.333333
3.222222
2.736111
1.708333
3.916667
2.673077
3.076923
1.580645
2.919355
2.722222
1.542484
3.346405
4.488889
3.775000
2.791667
1.936782
0.689655
3.040230
2.416667
3.550000
1.866667
1.266667
3.066667
6.200000
5.010526
1.244019
1.868984
0.588235
0.897759
4.190476
3.000000
3.241379
0.689655
2.259442
0.890605
0.540541
1.421857
0.434783
0.434783
1.325052
1.787546
0.512821
0.683761
1.807190
0.588235
1.608159
0.645161
2.700461
0.806950
0.540541
1.542620
1.605128
0.666667
2.616667
1.775000
0.625000
2.678571
3.238095
2.948718
2.801282
1.031609
1.773946
3.027778
2.750000
1.666667
3.583333
6.150000
2.242857
2.023810
2.833333
3.318182
3.800866
2.471861
1.818182
4.827751
3.383158
0.800000
2.996667
2.178571
0.995671
2.784091
2.125000
2.937500
4.142500
0.800000
1.842222
1.160131
3.517647
2.054545
3.212121
1.125000
2.458333
2.875000
2.017857
0.714286
1.678571
2.758403
1.239216
2.704762
0.921905
0.800000
1.906667
1.309804
2.448529
0.572674
0.232558
0.232558
0.232558
0.448401
0.625000
2.697917
1.833333
0.700000
0.363636
0.363636
0.914833
0.384561
0.266667
0.266667
0.259802
0.198020
0.198020
0.198020
0.198020
0.521452
1.523810
1.322344
0.512821
0.807692
4.500000
1.285714
1.339286
0.763889
0.555556
2.055556
3.055556
2.087302
2.171429
0.571429
1.989286
2.573276
1.551724
2.384615
4.115385
1.142857
3.357143
1.307692
1.892308
2.216667
2.642157
1.512605
1.650794
0.555556
0.522222
0.500000
5.200000
2.000000
3.307692
1.692308
2.380952
0.808237
0.540541
1.936937
1.053333
2.664615
1.043956
0.821429
0.966216
0.540541
1.028958
3.714286
0.750000
0.312500
0.312500
0.625000
1.687500
0.923611
0.317460
0.317460
0.427881
0.968944
3.071429
0.357143
0.357143
0.160317
0.111111
0.111111
0.111111
0.111111
0.111111
0.111111
0.111111
0.111111
0.329915
0.384615
0.421978
0.571429
0.417734
0.229885
0.229885
0.229885
0.456897
1.138889
0.555556
0.655556
1.127273
3.701299
0.935065
0.454545
1.753247
1.238095
0.830476
2.443333
1.734848
4.212121
0.606061
0.462402
0.246914
0.246914
0.246914
2.178351
0.357143
0.357143
0.982143
1.543290
0.303030
0.303030
1.223320
0.434783
0.434783
0.664168
2.629310
1.869048
0.476190
0.490476
0.571429
0.578151
0.588235
2.287582
1.388889
1.590909
0.606061
1.136364
4.354167
1.092500
0.782500
0.625000
0.788690
1.677656
0.512821
0.527778
0.555556
1.821429
1.489640
0.152672
0.152672
0.152672
0.152672
0.152672
0.152672
1.137186
0.571429
0.466828
0.338983
0.338983
1.861799
1.707692
0.713636
0.454545
0.443866
0.240964
0.240964
0.240964
0.240964
2.357430
1.333333
2.500000
2.355072
0.978261
2.676471
1.573529
1.150000
2.532432
0.540541
4.102027
0.500000
1.425000
1.458333
1.416667
1.428030
0.606061
2.690909
1.309091
0.397361
0.322581
0.322581
2.715054
1.794872
2.621795
1.559524
1.607143
2.792553
0.425532
0.425532
1.376653
0.540541
0.953895
3.235294
2.500000
1.433333
1.652874
1.080460
3.708333
1.507353
0.760504
1.757143
3.600000
1.150000
0.333333
0.333333
0.574638
1.275362
0.987179
3.365762
0.392157
0.392157
1.105169
0.543290
0.476190
2.334586
0.843985
0.357143
0.357143
0.678571
1.554054
0.180180
0.180180
0.180180
0.180180
0.180180
0.208089
0.217391
0.217391
0.217391
0.351449
1.287879
1.572852
0.273973
0.273973
0.273973
0.793542
0.798319
0.571981
0.263158
0.263158
0.263158
0.344427
0.588235
1.050420
1.295367
0.540541
0.461712
0.277778
0.277778
0.277778
0.472222
0.555556
0.408497
0.392157
0.330171
0.215054
0.215054
0.215054
0.215054
0.179270
0.163934
0.163934
0.163934
0.163934
0.163934
0.189285
0.206186
0.206186
0.206186
0.206186
0.676546
0.454710
0.144928
0.144928
0.144928
0.144928
0.144928
0.144928
0.550725
0.538251
0.109290
0.109290
0.109290
0.109290
0.109290
0.109290
0.109290
0.109290
0.129098
0.208333
0.208333
0.208333
0.208333
0.213889
0.222222
0.222222
0.222222
0.222222
0.461247
0.487805
0.361306
0.338983
0.338983
0.676755
0.811688
0.664858
0.298507
0.298507
0.302450
0.377358
0.377358
0.534107
0.783217
0.909091
2.303030
0.606061
0.271760
0.212766
0.212766
0.212766
1.180851
0.714286
1.035714
0.485294
0.294118
0.294118
0.903743
1.327415
0.156250
0.156250
0.156250
0.156250
0.156250
0.156250
1.277043
0.384615
0.357083
0.109290
0.109290
0.109290
0.109290
0.109290
0.109290
0.109290
0.109290
0.109290
1.055464
0.250000
0.250000
0.250000
0.246512
0.232558
0.232558
0.232558
0.232558
0.254025
0.256410
0.256410
0.256410
0.540541
0.690229
0.965309
0.392157
0.392157
0.106366
0.091324
0.091324
0.091324
0.091324
0.091324
0.091324
0.091324
0.091324
0.091324
0.091324
1.133333
0.444444
0.622222
2.841667
0.833333
0.291667
0.196078
0.196078
0.196078
0.196078
1.066719
0.176991
0.176991
0.176991
0.176991
0.176991
1.231961
0.384615
0.384615
0.490891
0.526316
0.308677
0.270270
0.270270
0.296396
0.444444
0.444444
0.764444
0.662353
0.588235
0.504412
0.500000
0.253916
0.240964
0.240964
0.240964
1.593647
1.054545
0.834783
0.633845
0.196078
0.196078
0.196078
0.196078
0.216503
0.277778
0.277778
0.277778
0.503472
0.621528
0.555556
0.450680
0.136054
0.136054
0.136054
0.136054
0.136054
0.136054
0.136054
0.146939
0.148148
0.148148
0.148148
0.148148
0.148148
0.340212
0.952381
0.370370
0.370370
0.255636
0.217391
0.217391
0.217391
0.342677
1.032581
0.834317
0.165289
0.165289
0.165289
0.165289
0.165289
0.177332
0.285714
0.285714
0.285714
1.037363
0.192075
0.121212
0.121212
0.121212
0.121212
0.121212
0.121212
0.121212
0.736364
2.466667
0.833333
1.282051
0.512821
1.549956
0.700627
0.909091
1.103147
0.192308
0.192308
0.192308
0.192308
0.839744
0.833333
0.576923
1.208791
0.714286
2.026316
0.526316
0.517136
0.465116
0.465116
1.347826
0.723602
0.285714
0.285714
0.285714
0.247899
0.235294
0.235294
0.235294
0.273897
0.312500
0.312500
0.680288
1.129371
1.636364
0.811189
0.256410
0.256410
0.256410
0.221893
0.118343
0.118343
0.118343
0.118343
0.118343
0.118343
0.118343
0.118343
1.823669
1.009524
0.504202
0.392157
0.748663
0.849802
0.434783
0.346891
0.215054
0.215054
0.215054
0.215054
0.179814
0.168067
0.168067
0.168067
0.168067
0.168067
0.585338
0.544166
0.273973
0.273973
0.273973
0.346343
0.377358
0.366243
0.155039
0.155039
0.155039
0.155039
0.155039
0.155039
0.280197
0.363636
0.363636
1.060718
0.123457
0.123457
0.123457
0.123457
0.123457
0.123457
0.123457
0.123457
0.437991
0.454545
0.340909
0.303030
0.303030
0.239837
0.162602
0.162602
0.162602
0.162602
0.162602
0.202056
0.294118
0.294118
0.294118
0.479412
0.500000
0.115455
0.072727
0.072727
0.072727
0.072727
0.072727
0.072727
0.072727
0.072727
0.072727
0.072727
0.072727
0.072727
0.219713
1.867105
0.250000
0.250000
0.250000
0.238793
0.137931
0.137931
0.137931
0.137931
0.137931
0.137931
0.137931
0.729023
0.346986
0.085106
0.085106
0.085106
0.085106
0.085106
0.085106
0.085106
0.085106
0.085106
0.085106
0.085106
1.599420
1.142424
0.676923
0.512821
0.481685
0.476190
0.833333
1.385714
0.666667
0.382759
0.229885
0.229885
0.229885
0.337390
0.588235
1.092437
1.142857
0.052770
0.052770
0.052770
0.052770
0.052770
0.052770
0.052770
0.052770
0.052770
0.052770
0.052770
0.052770
0.052770
0.052770
0.052770
0.052770
0.052770
0.052770
0.059747
0.192308
0.192308
0.192308
0.192308
0.192308
0.615053
0.747126
1.466667
0.878571
0.425202
0.188679
0.188679
0.188679
0.188679
0.526125
1.137124
0.638975
0.357143
0.357143
0.558333
0.743137
0.920304
0.322581
0.322581
0.343171
0.425532
0.425532
0.441608
0.444444
0.227570
0.082988
0.082988
0.082988
0.082988
0.082988
0.082988
0.082988
0.082988
0.082988
0.082988
0.082988
0.103609
0.120482
0.120482
0.120482
0.120482
0.120482
0.120482
0.120482
0.645917
1.944444
0.867347
0.408163
0.786990
0.474223
0.056497
0.056497
0.056497
0.056497
0.056497
0.056497
0.056497
0.056497
0.056497
0.056497
0.056497
0.056497
0.056497
0.056497
0.056497
0.056497
0.056497
0.091197
0.093023
0.093023
0.093023
0.093023
0.093023
0.093023
0.093023
0.093023
0.093023
0.097276
0.114286
0.114286
0.114286
0.114286
0.114286
0.114286
0.114286
0.114286
0.122068
0.131579
0.131579
0.131579
0.131579
0.131579
0.131579
0.131579
1.288030
0.487805
1.259775
0.317460
0.317460
0.317460
0.931746
1.780000
2.595862
0.689655
0.171173
0.143885
0.143885
0.143885
0.143885
0.143885
0.143885
0.192308
0.192308
0.192308
0.192308
0.192308
0.459514
0.526316
0.159774
0.119048
0.119048
0.119048
0.119048
0.119048
0.119048
0.119048
0.077739
0.036430
0.036430
0.036430
0.036430
0.036430
0.036430
0.036430
0.036430
0.036430
0.036430
0.036430
0.036430
0.036430
0.036430
0.036430
0.036430
0.036430
0.036430
0.036430
0.036430
0.036430
0.036430
0.036430
0.036430
0.036430
0.036430
0.062386
0.555556
1.130952
0.694805
0.454545
0.213287
0.109890
0.109890
0.109890
0.109890
0.109890
0.109890
0.109890
0.109890
0.116683
0.121212
0.121212
0.121212
0.121212
0.121212
0.121212
0.121212
0.348019
0.742133
0.227273
0.227273
0.227273
0.227273
0.232487
0.235294
0.235294
0.235294
0.611765
0.587922
0.106383
0.106383
0.106383
0.106383
0.106383
0.106383
0.106383
0.106383
0.163596
0.487805
0.572358
0.897917
0.089286
0.089286
0.089286
0.089286
0.089286
0.089286
0.089286
0.089286
0.089286
0.089286
0.096872
0.139860
0.139860
0.139860
0.139860
0.139860
0.139860
0.139860
0.740741
0.297495
0.058824
0.058824
0.058824
0.058824
0.058824
0.058824
0.058824
0.058824
0.058824
0.058824
0.058824
0.058824
0.058824
0.058824
0.058824
0.058824
0.101838
0.125000
0.125000
0.125000
0.125000
0.125000
0.125000
0.125000
0.303750
0.400000
0.348043
0.053619
0.053619
0.053619
0.053619
0.053619
0.053619
0.053619
0.053619
0.053619
0.053619
0.053619
0.053619
0.053619
0.053619
0.053619
0.053619
0.053619
0.053619
0.064688
0.075758
0.075758
0.075758
0.075758
0.075758
0.075758
0.075758
0.075758
0.075758
0.075758
0.075758
0.075758
0.109634
0.188679
0.188679
0.188679
0.188679
0.188679
0.132450
0.132450
0.132450
0.132450
0.132450
0.132450
0.132450
0.132058
0.131579
0.131579
0.131579
0.131579
0.131579
0.131579
0.131579
0.389302
0.434783
0.319248
0.224719
0.224719
0.224719
0.229644
0.273973
0.273973
0.273973
0.243468
0.206186
0.206186
0.206186
0.206186
0.264292
0.303030
0.303030
0.264753
0.175439
0.175439
0.175439
0.175439
0.175439
0.249280
0.298507
0.298507
0.337517
0.454545
0.441434
0.192308
0.192308
0.192308
0.192308
0.192308
1.182692
0.307692
0.307692
0.240275
0.038023
0.038023
0.038023
0.038023
0.038023
0.038023
0.038023
0.038023
0.038023
0.038023
0.038023
0.038023
0.038023
0.038023
0.038023
0.038023
0.038023
0.038023
0.038023
0.038023
0.038023
0.038023
0.038023
0.038023
0.038023
0.038023
0.081399
0.083682
0.083682
0.083682
0.083682
0.083682
0.083682
0.083682
0.083682
0.083682
0.083682
0.083682
0.103093
0.103093
0.103093
0.103093
0.103093
0.103093
0.103093
0.103093
0.103093
0.197165
0.416667
0.416667
1.048611
0.138889
0.138889
0.138889
0.138889
0.138889
0.138889
0.138889
0.228150
0.243902
0.243902
0.243902
0.367098
0.408163
0.390977
0.350877
0.350877
0.602073
0.674242
0.238095
0.238095
0.238095
0.238966
0.243902
0.243902
0.243902
0.234417
0.054201
0.054201
0.054201
0.054201
0.054201
0.054201
0.054201
0.054201
0.054201
0.054201
0.054201
0.054201
0.054201
0.054201
0.054201
0.054201
0.054201
0.054201
0.052449
0.051282
0.051282
0.051282
0.051282
0.051282
0.051282
0.051282
0.051282
0.051282
0.051282
0.051282
0.051282
0.051282
0.051282
0.051282
0.051282
0.051282
0.051282
0.108654
0.625000
0.337500
0.050000
0.050000
0.050000
0.050000
0.050000
0.050000
0.050000
0.050000
0.050000
0.050000
0.050000
0.050000
0.050000
0.050000
0.050000
0.050000
0.050000
0.050000
