1244750005
none
0.444444
0.444444
1.377778
0.444444
0.416162
0.363636
0.363636
2.002597
1.681319
2.504092
0.425532
0.425532
1.731383
1.396739
0.434783
0.434783
0.549872
0.658824
2.900000
2.125000
1.494048
1.703533
0.645161
4.282258
2.035714
1.483516
0.557692
0.384615
1.399573
1.099415
0.828536
0.156250
0.156250
0.156250
0.156250
0.156250
0.156250
0.832961
1.390476
1.035294
0.856811
0.263158
0.263158
0.263158
1.218421
2.912500
0.250000
0.250000
0.250000
0.404167
1.900000
1.683333
2.416667
3.833333
3.571429
112.428571
208.000000
179.000000
172.000000
183.000000
172.000000
175.000000
173.000000
151.000000
148.000000
142.000000
146.000000
148.000000
135.000000
147.000000
124.000000
129.000000
124.000000
105.000000
103.000000
104.000000
81.000000
98.000000
95.000000
89.000000
66.000000
68.000000
74.000000
66.000000
58.000000
57.000000
60.000000
59.000000
58.000000
55.000000
52.000000
45.000000
38.000000
59.000000
56.000000
60.000000
55.000000
53.500000
25.000000
17.500000
24.000000
14.000000
13.000000
7.666667
16.000000
13.833333
18.000000
7.500000
8.333333
5.066667
13.433333
14.166667
7.500000
6.722222
6.063492
7.964286
12.500000
6.583333
8.333333
3.179487
8.653846
5.833333
9.916667
4.750000
4.900000
6.100000
7.000000
7.000000
6.777778
7.222222
3.777778
6.222222
6.571429
7.928571
5.500000
9.000000
4.857143
7.392857
7.750000
4.714286
8.785714
4.200000
7.376923
4.923077
3.000000
4.909091
8.340909
6.416667
6.733333
5.509091
8.757576
5.333333
3.300000
3.500000
4.485714
1.547619
3.738095
4.428571
1.321429
1.011905
10.166667
3.100000
4.200000
4.800000
6.400000
8.500000
6.000000
5.166667
6.583333
4.035714
6.142857
4.725275
3.596154
2.392857
4.714286
1.907563
2.696833
2.064777
4.140351
1.280702
3.192632
0.400000
0.400000
3.060000
0.740741
2.830688
4.095238
0.948718
2.384615
0.909091
2.535354
2.816425
1.167702
3.571429
1.145455
0.363636
0.363636
1.448701
1.178571
2.125000
1.225000
2.316667
2.679487
1.725275
4.095238
3.571429
3.261905
2.772727
2.227273
4.500000
3.500000
4.714286
2.478022
3.021978
2.785714
3.500000
4.875000
2.852273
2.706061
0.724561
1.175439
2.333333
0.976190
0.982143
5.610294
1.348039
3.250000
2.666667
5.657895
1.508772
3.242424
3.690909
4.400000
4.076923
4.923077
3.888889
3.444444
1.952381
8.761905
0.952381
4.750000
4.050000
5.353846
2.846154
2.545455
1.454545
3.142857
4.232143
3.125000
3.500000
1.500000
2.100000
1.066667
1.976190
1.515038
0.984962
0.714286
1.942857
1.247619
0.952381
0.270270
0.270270
0.270270
0.734644
3.787879
4.880952
1.194805
2.390909
5.200000
3.666667
5.410256
1.589744
3.333333
1.833333
3.166667
5.176471
2.267974
4.412698
1.865079
4.662393
5.948718
1.719298
1.129187
3.818182
5.833333
3.408046
0.689655
6.926108
3.373626
2.769231
5.000000
6.090909
2.409091
1.500000
4.038462
0.769231
1.858974
2.777778
6.755556
4.500000
2.754545
2.545455
1.375000
1.458333
0.926667
0.976842
0.915332
2.505721
1.052632
1.146617
2.928571
1.339286
2.875000
1.750000
2.305556
2.473016
0.571429
3.413889
0.277778
0.277778
0.277778
0.752778
3.694118
1.594771
1.258170
0.588235
0.562003
0.540541
0.407776
0.350877
0.350877
0.512091
0.540541
1.166667
1.000000
0.333333
0.333333
1.075758
3.757576
2.000000
1.133333
3.533333
0.826667
0.200000
0.200000
0.200000
0.200000
3.178889
0.555556
0.997863
0.707692
0.500000
4.100000
2.941176
1.725490
3.533333
2.550000
3.544118
0.588235
2.617647
1.937500
6.793269
2.000000
1.927126
1.842105
2.181818
0.363636
0.363636
0.690909
0.744828
0.738506
1.559524
2.280220
1.772575
2.054348
0.843750
2.477679
1.140693
0.606061
1.056818
4.125000
1.583333
0.662568
0.327869
0.327869
0.658361
1.616471
2.045752
4.077778
0.932143
0.357143
0.357143
1.393997
0.425532
1.315124
0.270270
0.270270
0.270270
1.208108
0.200000
0.200000
0.200000
0.200000
0.554545
0.688312
0.357143
0.357143
0.495798
0.588235
1.496324
1.229167
1.333333
2.666667
1.833333
1.125000
1.022059
1.352941
2.500000
2.100000
1.650000
4.985294
1.153595
1.777778
0.370370
0.370370
2.203704
3.555556
2.017544
1.346559
0.307692
0.307692
0.307692
1.773427
2.978610
1.535497
0.689655
2.068966
1.692308
0.823821
0.640121
0.625000
0.837798
1.180952
1.200000
0.909091
0.636364
1.454545
0.303030
0.303030
0.303030
3.257576
0.555556
2.277778
0.769231
1.230769
0.606061
0.893939
3.954545
1.245455
2.000000
1.444578
0.240964
0.240964
0.240964
1.332530
1.060870
0.434783
0.368864
0.215054
0.215054
0.215054
0.215054
1.106519
0.625000
0.478078
0.298507
0.298507
0.288265
0.196078
0.196078
0.196078
0.196078
0.196078
0.689655
2.407119
0.645161
0.591398
0.555556
0.386973
0.344828
0.344828
1.421580
0.737903
2.401316
1.613219
0.465116
0.895349
1.444444
1.786325
2.326923
0.384615
0.384615
0.527916
0.645161
0.571429
0.655844
2.272727
1.326087
0.594966
0.526316
0.615132
0.770833
1.087719
1.814241
0.588235
0.759804
2.479167
1.023707
0.344828
0.344828
0.457471
0.666667
1.566667
1.133333
0.844444
1.805556
2.250000
1.166667
2.555556
1.777778
0.408163
0.408163
1.183673
0.338983
0.338983
0.344256
0.444444
0.444444
1.728889
0.665556
0.555556
0.533626
0.526316
1.184211
0.526316
0.496081
0.425532
0.425532
3.271277
1.483333
0.800000
0.654167
0.625000
0.409722
0.317460
0.317460
1.392857
1.907895
1.508772
1.416667
1.038288
0.270270
0.270270
0.270270
0.567568
1.125000
0.447961
0.085837
0.085837
0.085837
0.085837
0.085837
0.085837
0.085837
0.085837
0.085837
0.085837
0.186317
0.588235
1.063348
0.337019
0.125000
0.125000
0.125000
0.125000
0.125000
0.125000
0.125000
1.107639
0.222222
0.222222
0.222222
0.222222
0.584722
0.471208
0.112360
0.112360
0.112360
0.112360
0.112360
0.112360
0.112360
0.112360
1.093732
0.131579
0.131579
0.131579
0.131579
0.131579
0.131579
0.131579
0.079063
0.044053
0.044053
0.044053
0.044053
0.044053
0.044053
0.044053
0.044053
0.044053
0.044053
0.044053
0.044053
0.044053
0.044053
0.044053
0.044053
0.044053
0.044053
0.044053
0.044053
0.044053
0.044053
0.320195
0.350877
0.346154
0.256410
0.256410
0.256410
0.259045
0.273973
0.273973
0.273973
0.494129
0.685410
0.425532
0.425532
0.374240
0.357143
0.357143
0.181650
0.172414
0.172414
0.172414
0.172414
0.223475
0.512821
0.743590
1.823529
0.392157
0.392157
0.288553
0.270270
0.270270
0.257253
0.183486
0.183486
0.183486
0.183486
0.183486
0.638379
0.535714
0.238095
0.238095
0.238095
0.416667
0.768692
0.186916
0.186916
0.186916
0.186916
0.186916
0.329748
0.377358
0.375986
0.363636
0.363636
0.252681
0.046620
0.046620
0.046620
0.046620
0.046620
0.046620
0.046620
0.046620
0.046620
0.046620
0.046620
0.046620
0.046620
0.046620
0.046620
0.046620
0.046620
0.046620
0.046620
0.046620
0.046620
0.604662
0.971429
0.697802
0.384615
0.631868
1.130952
0.555556
0.502778
0.500000
0.225000
0.210526
0.210526
0.210526
0.177811
0.046948
0.046948
0.046948
0.046948
0.046948
0.046948
0.046948
0.046948
0.046948
0.046948
0.046948
0.046948
0.046948
0.046948
0.046948
0.046948
0.046948
0.046948
0.046948
0.046948
0.046948
2.754695
0.291885
0.052356
0.052356
0.052356
0.052356
0.052356
0.052356
0.052356
0.052356
0.052356
0.052356
0.052356
0.052356
0.052356
0.052356
0.052356
0.052356
0.052356
0.052356
0.073798
0.082988
0.082988
0.082988
0.082988
0.082988
0.082988
0.082988
0.082988
0.082988
0.082988
0.082988
0.957617
1.071429
0.115607
0.115607
0.115607
0.115607
0.115607
0.115607
0.115607
0.115607
0.119448
0.126582
0.126582
0.126582
0.126582
0.126582
0.126582
0.126582
0.175503
0.235294
0.235294
0.235294
0.588235
0.797183
0.281690
0.281690
0.318384
0.526316
0.546252
0.606061
0.289299
0.078125
0.078125
0.078125
0.078125
0.078125
0.078125
0.078125
0.078125
0.078125
0.078125
0.078125
0.078125
0.206101
0.238095
0.238095
0.238095
0.140351
0.075188
0.075188
0.075188
0.075188
0.075188
0.075188
0.075188
0.075188
0.075188
0.075188
0.075188
0.075188
0.088346
0.119048
0.119048
0.119048
0.119048
0.119048
0.119048
0.119048
0.119048
0.678571
2.598039
0.588235
0.430078
0.377358
0.369473
0.298507
0.298507
0.298507
0.449627
0.500000
0.465909
0.454545
0.404545
0.363636
0.363636
0.186202
0.141844
0.141844
0.141844
0.141844
0.141844
0.141844
0.824935
1.210526
0.168067
0.168067
0.168067
0.168067
0.168067
0.659664
0.706522
0.217391
0.217391
0.217391
0.170593
0.083682
0.083682
0.083682
0.083682
0.083682
0.083682
0.083682
0.083682
0.083682
0.083682
0.083682
1.090860
0.162602
0.162602
0.162602
0.162602
0.162602
0.157391
0.110497
0.110497
0.110497
0.110497
0.110497
0.110497
0.110497
0.110497
0.115282
0.206186
0.206186
0.206186
0.206186
0.375475
0.832952
0.173913
0.173913
0.173913
0.173913
0.173913
0.113066
0.052219
0.052219
0.052219
0.052219
0.052219
0.052219
0.052219
0.052219
0.052219
0.052219
0.052219
0.052219
0.052219
0.052219
0.052219
0.052219
0.052219
0.052219
0.120362
0.246914
0.246914
0.246914
0.244268
0.238095
0.238095
0.238095
0.414286
0.976471
0.294118
0.294118
0.401961
0.833333
0.192308
0.192308
0.192308
0.192308
0.192308
1.215881
0.322581
0.322581
0.212439
0.077821
0.077821
0.077821
0.077821
0.077821
0.077821
0.077821
0.077821
0.077821
0.077821
0.077821
0.077821
0.057046
0.043197
0.043197
0.043197
0.043197
0.043197
0.043197
0.043197
0.043197
0.043197
0.043197
0.043197
0.043197
0.043197
0.043197
0.043197
0.043197
0.043197
0.043197
0.043197
0.043197
0.043197
0.043197
0.085827
0.137931
0.137931
0.137931
0.137931
0.137931
0.137931
0.160978
0.253165
0.253165
0.253165
0.217346
0.109890
0.109890
0.109890
0.109890
0.109890
0.109890
0.109890
0.109890
0.593407
0.732877
0.273973
0.273973
0.284752
0.327869
0.327869
0.323465
0.298507
0.298507
0.298507
0.459701
0.500000
0.433333
0.416667
0.334211
0.210526
0.210526
0.210526
0.210526
0.186728
0.173913
0.173913
0.173913
0.173913
0.173913
0.111141
0.104167
0.104167
0.104167
0.104167
0.104167
0.104167
0.104167
0.104167
0.100066
0.090498
0.090498
0.090498
0.090498
0.090498
0.090498
0.090498
0.090498
0.090498
0.090498
0.122818
0.219780
0.219780
0.219780
0.219780
0.268833
0.289855
0.289855
0.233016
0.062500
0.062500
0.062500
0.062500
0.062500
0.062500
0.062500
0.062500
0.062500
0.062500
0.062500
0.062500
0.062500
0.062500
0.062500
0.052133
0.021030
0.021030
0.021030
0.021030
0.021030
0.021030
0.021030
0.021030
0.021030
0.021030
0.021030
0.021030
0.021030
0.021030
0.021030
0.021030
0.021030
0.021030
0.021030
0.021030
0.021030
0.021030
0.021030
0.021030
0.021030
0.021030
0.021030
0.021030
0.021030
0.021030
0.021030
0.021030
0.021030
0.021030
0.021030
0.021030
0.021030
0.021030
0.021030
0.021030
0.021030
0.021030
0.021030
0.021030
0.021030
0.021030
0.021030
0.079608
0.104712
0.104712
0.104712
0.104712
0.104712
0.104712
0.104712
0.104712
0.165928
0.512821
0.447293
0.185185
0.185185
0.185185
0.185185
0.185185
0.077750
0.050891
0.050891
0.050891
0.050891
0.050891
0.050891
0.050891
0.050891
0.050891
0.050891
0.050891
0.050891
0.050891
0.050891
0.050891
0.050891
0.050891
0.050891
0.072103
0.192308
0.192308
0.192308
0.192308
0.192308
0.301923
0.307692
0.307692
0.137762
0.064935
0.064935
0.064935
0.064935
0.064935
0.064935
0.064935
0.064935
0.064935
0.064935
0.064935
0.064935
0.064935
0.064935
0.175889
0.434783
0.434783
0.169492
0.169492
0.169492
0.169492
0.169492
0.173376
0.208333
0.208333
0.208333
0.208333
0.259041
0.377358
0.377358
0.483427
0.540541
0.172365
0.080321
0.080321
0.080321
0.080321
0.080321
0.080321
0.080321
0.080321
0.080321
0.080321
0.080321
1.154773
0.512821
0.411070
0.105820
0.105820
0.105820
0.105820
0.105820
0.105820
0.105820
0.105820
0.105820
0.118725
0.121951
0.121951
0.121951
0.121951
0.121951
0.121951
0.121951
0.099413
0.084388
0.084388
0.084388
0.084388
0.084388
0.084388
0.084388
0.084388
0.084388
0.084388
0.084388
0.159986
0.185185
0.185185
0.185185
0.185185
0.257625
0.392157
0.392157
0.128588
0.062696
0.062696
0.062696
0.062696
0.062696
0.062696
0.062696
0.062696
0.062696
0.062696
0.062696
0.062696
0.062696
0.062696
0.062696
0.064960
0.065359
0.065359
0.065359
0.065359
0.065359
0.065359
0.065359
0.065359
0.065359
0.065359
0.065359
0.065359
0.065359
0.065359
0.074494
0.081967
0.081967
0.081967
0.081967
0.081967
0.081967
0.081967
0.081967
0.081967
0.081967
0.081967
0.208834
0.444444
0.404073
0.040733
0.040733
0.040733
0.040733
0.040733
0.040733
0.040733
0.040733
0.040733
0.040733
0.040733
0.040733
0.040733
0.040733
0.040733
0.040733
0.040733
0.040733
0.040733
0.040733
0.040733
0.040733
0.040733
0.040733
0.053474
0.063898
0.063898
0.063898
0.063898
0.063898
0.063898
0.063898
0.063898
0.063898
0.063898
0.063898
0.063898
0.063898
0.063898
0.063898
0.271096
0.294118
0.294118
1.154522
0.149254
0.149254
0.149254
0.149254
0.149254
0.149254
0.208126
0.317460
0.317460
0.539683
1.008403
0.588235
0.187516
0.087336
0.087336
0.087336
0.087336
0.087336
0.087336
0.087336
0.087336
0.087336
0.087336
0.104714
0.136986
0.136986
0.136986
0.136986
0.136986
0.136986
0.142185
0.240964
0.240964
0.240964
0.240964
0.292753
0.298507
0.298507
0.541736
0.623843
0.156250
0.156250
0.156250
0.156250
0.156250
0.156250
0.793155
0.306277
0.090909
0.090909
0.090909
0.090909
0.090909
0.090909
0.090909
0.090909
0.090909
0.090909
0.042007
0.025707
0.025707
0.025707
0.025707
0.025707
0.025707
0.025707
0.025707
0.025707
0.025707
0.025707
0.025707
0.025707
0.025707
0.025707
0.025707
0.025707
0.025707
0.025707
0.025707
0.025707
0.025707
0.025707
0.025707
0.025707
0.025707
0.025707
0.025707
0.025707
0.025707
0.025707
0.025707
0.025707
0.025707
0.025707
0.025707
0.025707
0.025707
0.318671
0.370370
0.318869
0.027027
0.027027
0.027027
0.027027
0.027027
0.027027
0.027027
0.027027
0.027027
0.027027
0.027027
0.027027
0.027027
0.027027
0.027027
0.027027
0.027027
0.027027
0.027027
0.027027
0.027027
0.027027
0.027027
0.027027
0.027027
0.027027
0.027027
0.027027
0.027027
0.027027
0.027027
0.027027
0.027027
0.027027
0.027027
0.027027
0.041723
0.125000
0.125000
0.125000
0.125000
0.125000
0.125000
0.125000
0.117159
0.072727
0.072727
0.072727
0.072727
0.072727
0.072727
0.072727
0.072727
0.072727
0.072727
0.072727
0.072727
0.072727
0.147532
0.259740
0.259740
0.259740
0.148953
0.058309
0.058309
0.058309
0.058309
0.058309
0.058309
0.058309
0.058309
0.058309
0.058309
0.058309
0.058309
0.058309
0.058309
0.058309
0.058309
0.053044
0.045147
0.045147
0.045147
0.045147
0.045147
0.045147
0.045147
0.045147
0.045147
0.045147
0.045147
0.045147
0.045147
0.045147
0.045147
0.045147
0.045147
0.045147
0.045147
0.045147
0.045147
0.040181
0.025284
0.025284
0.025284
0.025284
0.025284
0.025284
0.025284
0.025284
0.025284
0.025284
0.025284
0.025284
0.025284
0.025284
0.025284
0.025284
0.025284
0.025284
0.025284
0.025284
0.025284
0.025284
0.025284
0.025284
0.025284
0.025284
0.025284
0.025284
0.025284
0.025284
0.025284
0.025284
0.025284
0.025284
0.025284
0.025284
0.025284
0.025284
0.025284
0.117822
0.157480
0.157480
0.157480
0.157480
0.157480
0.122420
0.057307
0.057307
0.057307
0.057307
0.057307
0.057307
0.057307
0.057307
0.057307
0.057307
0.057307
0.057307
0.057307
0.057307
0.057307
0.057307
0.057307
0.365731
0.400000
0.281667
0.104167
0.104167
0.104167
0.104167
0.104167
0.104167
0.104167
0.104167
0.104167
0.038493
0.022075
0.022075
0.022075
0.022075
0.022075
0.022075
0.022075
0.022075
0.022075
0.022075
0.022075
0.022075
0.022075
0.022075
0.022075
0.022075
0.022075
0.022075
0.022075
0.022075
0.022075
0.022075
0.022075
0.022075
0.022075
0.022075
0.022075
0.022075
0.022075
0.022075
0.022075
0.022075
0.022075
0.022075
0.022075
0.022075
0.022075
0.022075
0.022075
0.022075
0.022075
0.022075
0.022075
