1244497243
none
1.125000
2.965909
1.385281
1.723810
1.300000
0.833333
3.245614
2.621053
0.500000
2.337736
0.377358
0.377358
2.832547
5.875000
5.800000
4.994118
1.372549
2.733333
2.600000
1.789474
2.518219
2.692308
4.900000
2.037500
2.562500
2.500000
122.000000
212.000000
165.000000
125.000000
121.000000
100.000000
96.000000
85.000000
84.000000
62.000000
46.000000
51.000000
62.000000
72.000000
94.000000
70.000000
95.000000
112.000000
145.000000
167.000000
174.000000
183.000000
186.000000
185.000000
187.000000
215.000000
201.000000
182.000000
193.000000
188.000000
187.000000
184.000000
181.000000
200.000000
172.000000
157.000000
162.000000
147.000000
147.000000
144.000000
144.000000
136.000000
119.000000
74.000000
50.000000
46.000000
48.000000
48.000000
33.000000
45.000000
38.000000
34.000000
40.000000
27.333333
28.666667
29.600000
27.400000
26.000000
34.000000
37.000000
27.000000
23.000000
25.000000
31.000000
27.000000
35.500000
23.500000
29.666667
21.333333
16.500000
19.000000
20.166667
12.047619
5.285714
4.500000
7.766667
2.066667
5.666667
2.600000
4.800000
5.100000
2.576923
2.700855
1.079365
1.267857
1.375000
1.966667
1.811111
0.555556
5.880952
3.535714
5.750000
4.500000
7.375000
3.425000
2.255556
9.244444
4.600000
1.933333
0.666667
8.428571
6.404762
7.500000
7.333333
5.476190
6.257143
5.600000
6.750000
8.821429
8.595238
3.833333
6.000000
7.857143
5.142857
7.200000
7.466667
5.533333
4.050000
3.750000
8.500000
4.500000
8.000000
2.600000
3.150000
2.416667
7.583333
3.704545
4.878788
1.541667
7.625000
3.000000
6.500000
6.333333
4.466667
7.400000
4.917647
3.282353
4.266667
7.000000
7.000000
5.333333
3.500000
3.055556
0.764444
0.400000
1.137143
1.607143
0.591894
0.224719
0.224719
0.224719
0.224719
0.684944
0.519420
0.289855
0.289855
0.760870
1.357143
0.446429
0.357143
0.362013
0.454545
0.454545
1.344044
0.689655
2.221983
0.416667
0.562500
1.133333
0.400000
0.421951
0.487805
1.765244
0.888158
0.350877
0.350877
0.521574
0.763514
1.865385
0.384615
0.384615
1.048718
3.605128
2.076923
2.259615
0.988636
2.715311
2.546053
1.303571
1.203008
2.618421
1.937500
2.212500
1.889474
0.526316
2.107287
1.772575
1.704348
1.533333
1.466667
1.400000
1.460870
0.915601
1.680672
2.785714
1.785714
0.771429
1.600000
0.855172
1.344828
1.108108
0.540541
0.788851
1.951389
0.986111
1.625000
1.346154
0.384615
0.585020
2.184211
0.790323
0.322581
0.322581
0.906621
1.168421
0.210526
0.210526
0.210526
0.210526
0.262753
0.384615
0.384615
0.297203
0.259740
0.259740
0.259740
1.753247
0.815126
0.538385
0.338983
0.338983
0.432809
0.714286
1.107143
2.076923
3.923077
1.580645
1.055718
4.063636
2.175000
3.125000
3.222222
0.740741
0.715608
0.577243
0.465116
0.894454
1.688963
0.798216
0.512821
2.184615
1.331579
0.526316
3.675439
3.822917
0.625000
1.085417
1.207407
0.740741
0.669056
1.516129
4.750000
0.713415
0.487805
1.986280
0.435049
0.392157
0.555294
0.894286
0.995017
0.465116
1.456016
0.869565
3.090909
0.909091
1.517241
0.911330
1.887218
0.884211
0.571429
1.961905
0.751515
1.515152
1.500000
0.573684
0.105263
0.105263
0.105263
0.105263
0.105263
0.105263
0.105263
0.105263
1.175120
0.606061
0.515796
0.425532
1.111702
2.694444
0.793651
1.783181
0.425532
0.425532
0.516548
0.555556
0.655556
1.854545
2.259740
1.333333
0.952381
2.333333
1.466667
0.533333
0.392157
2.485036
0.956140
0.666667
1.104167
2.645833
3.769608
0.802231
0.344828
0.344828
1.780172
1.587766
0.425532
0.575988
1.785714
0.833333
0.833333
1.533333
0.571429
1.382418
1.296154
0.850000
0.666667
3.700000
0.720430
0.648618
0.714286
1.650000
0.984615
1.937965
0.645161
0.937020
1.595238
2.759259
0.740741
1.517241
0.722759
0.768130
0.162602
0.162602
0.162602
0.162602
0.162602
0.162602
0.798869
1.299744
0.235294
0.235294
0.235294
0.238080
0.263158
0.263158
0.263158
1.450877
0.998039
0.588235
0.799233
0.711462
0.606061
0.228220
0.208333
0.208333
0.208333
0.427083
1.173077
1.940559
2.886364
1.232759
0.633520
0.465116
0.447590
0.289855
0.289855
0.289855
1.268116
1.333333
1.537037
0.740741
1.542222
1.430000
1.041667
0.997807
1.210526
1.789474
0.610526
0.500000
2.100000
2.857143
1.296703
1.746154
1.500000
1.409524
3.498168
1.608974
0.761905
2.121429
2.496296
1.703704
2.333333
3.766667
2.438462
2.128205
1.274510
4.158824
1.053846
1.746154
0.451852
0.370370
0.590278
1.730978
0.869565
1.420290
1.238095
0.868571
0.696364
0.454545
0.609091
2.323810
0.876190
1.054545
0.786834
0.344828
0.344828
1.010142
0.481046
0.444444
1.133333
1.246914
0.246914
0.246914
0.246914
0.667518
1.744828
0.920000
1.055000
1.339286
0.535714
0.357143
0.357143
1.571429
0.582930
0.338983
0.338983
1.323390
0.800000
1.926154
0.464191
0.344828
0.344828
3.333333
1.757576
0.606061
2.386364
1.416667
0.923077
1.750836
1.326087
1.980000
0.838182
2.681818
3.200000
1.244444
1.155556
0.876190
0.997494
1.359649
1.785714
1.238095
1.342857
0.571429
0.642365
0.701592
0.769231
1.397993
0.434783
0.586957
1.895652
1.066667
0.666667
0.849275
0.247272
0.039841
0.039841
0.039841
0.039841
0.039841
0.039841
0.039841
0.039841
0.039841
0.039841
0.039841
0.039841
0.039841
0.039841
0.039841
0.039841
0.039841
0.039841
0.039841
0.039841
0.039841
0.039841
0.039841
0.039841
0.092732
0.121212
0.121212
0.121212
0.121212
0.121212
0.121212
0.121212
0.160639
0.219780
0.219780
0.219780
0.219780
0.112406
0.093458
0.093458
0.093458
0.093458
0.093458
0.093458
0.093458
0.093458
0.093458
0.329439
0.847345
0.176991
0.176991
0.176991
0.176991
0.176991
0.138504
0.134228
0.134228
0.134228
0.134228
0.134228
0.134228
0.716683
0.629870
0.363636
0.363636
1.144928
0.289855
0.289855
0.775362
0.750000
0.263158
0.263158
0.245582
0.145985
0.145985
0.145985
0.145985
0.145985
0.145985
1.109709
0.050125
0.050125
0.050125
0.050125
0.050125
0.050125
0.050125
0.050125
0.050125
0.050125
0.050125
0.050125
0.050125
0.050125
0.050125
0.050125
0.050125
0.050125
0.050125
0.131009
0.454545
0.454545
0.147059
0.147059
0.147059
0.147059
0.147059
0.147059
0.220211
0.512821
0.467949
0.333333
0.333333
0.358696
0.434783
0.434783
1.966184
0.367031
0.327869
0.327869
0.286308
0.281690
0.281690
0.244502
0.175439
0.175439
0.175439
0.175439
0.175439
0.422515
0.555556
0.285714
0.238095
0.238095
0.238095
0.516667
0.591877
0.168067
0.168067
0.168067
0.168067
0.168067
0.168642
0.170940
0.170940
0.170940
0.170940
0.170940
0.142785
0.090498
0.090498
0.090498
0.090498
0.090498
0.090498
0.090498
0.090498
0.090498
0.090498
0.122754
0.198020
0.198020
0.198020
0.198020
0.163352
0.059347
0.059347
0.059347
0.059347
0.059347
0.059347
0.059347
0.059347
0.059347
0.059347
0.059347
0.059347
0.059347
0.059347
0.059347
0.059347
0.056828
0.053050
0.053050
0.053050
0.053050
0.053050
0.053050
0.053050
0.053050
0.053050
0.053050
0.053050
0.053050
0.053050
0.053050
0.053050
0.053050
0.053050
0.053050
0.089349
0.119048
0.119048
0.119048
0.119048
0.119048
0.119048
0.119048
0.127053
0.172414
0.172414
0.172414
0.172414
0.172414
0.124524
0.035587
0.035587
0.035587
0.035587
0.035587
0.035587
0.035587
0.035587
0.035587
0.035587
0.035587
0.035587
0.035587
0.035587
0.035587
0.035587
0.035587
0.035587
0.035587
0.035587
0.035587
0.035587
0.035587
0.035587
0.035587
0.035587
0.035587
0.044296
0.070423
0.070423
0.070423
0.070423
0.070423
0.070423
0.070423
0.070423
0.070423
0.070423
0.070423
0.070423
0.070423
0.143824
0.982336
0.148148
0.148148
0.148148
0.148148
0.148148
0.148148
0.113173
0.094340
0.094340
0.094340
0.094340
0.094340
0.094340
0.094340
0.094340
0.094340
0.097256
0.152672
0.152672
0.152672
0.152672
0.152672
0.152672
0.258154
0.363636
0.363636
0.431818
0.454545
0.222578
0.032787
0.032787
0.032787
0.032787
0.032787
0.032787
0.032787
0.032787
0.032787
0.032787
0.032787
0.032787
0.032787
0.032787
0.032787
0.032787
0.032787
0.032787
0.032787
0.032787
0.032787
0.032787
0.032787
0.032787
0.032787
0.032787
0.032787
0.032787
0.032787
0.044481
0.266667
0.266667
0.266667
0.216517
0.099502
0.099502
0.099502
0.099502
0.099502
0.099502
0.099502
0.099502
0.099502
0.087221
0.050378
0.050378
0.050378
0.050378
0.050378
0.050378
0.050378
0.050378
0.050378
0.050378
0.050378
0.050378
0.050378
0.050378
0.050378
0.050378
0.050378
0.050378
0.050378
0.530227
0.944444
0.763889
0.796072
0.088106
0.088106
0.088106
0.088106
0.088106
0.088106
0.088106
0.088106
0.088106
0.088106
0.088106
0.091247
0.092593
0.092593
0.092593
0.092593
0.092593
0.092593
0.092593
0.092593
0.092593
0.092593
0.075680
0.073801
0.073801
0.073801
0.073801
0.073801
0.073801
0.073801
0.073801
0.073801
0.073801
0.073801
0.073801
0.684334
0.659933
0.370370
0.341991
0.086580
0.086580
0.086580
0.086580
0.086580
0.086580
0.086580
0.086580
0.086580
0.086580
0.086580
0.198381
0.289855
0.289855
0.274663
0.137931
0.137931
0.137931
0.137931
0.137931
0.137931
0.137931
0.209579
0.222222
0.222222
0.222222
0.556209
0.701872
0.227273
0.227273
0.227273
0.291502
0.869565
0.747182
0.927875
0.546503
0.273973
0.273973
0.273973
0.085470
0.085470
0.085470
0.085470
0.085470
0.085470
0.085470
0.085470
0.085470
0.085470
0.085470
0.086496
0.088889
0.088889
0.088889
0.088889
0.088889
0.088889
0.088889
0.088889
0.088889
0.088889
0.184444
1.587500
0.848214
0.683036
0.625000
0.193563
0.049751
0.049751
0.049751
0.049751
0.049751
0.049751
0.049751
0.049751
0.049751
0.049751
0.049751
0.049751
0.049751
0.049751
0.049751
0.049751
0.049751
0.049751
0.049751
0.092994
0.116279
0.116279
0.116279
0.116279
0.116279
0.116279
0.116279
0.310465
0.839900
0.049875
0.049875
0.049875
0.049875
0.049875
0.049875
0.049875
0.049875
0.049875
0.049875
0.049875
0.049875
0.049875
0.049875
0.049875
0.049875
0.049875
0.049875
0.049875
0.089788
0.103093
0.103093
0.103093
0.103093
0.103093
0.103093
0.103093
0.103093
0.100556
0.052356
0.052356
0.052356
0.052356
0.052356
0.052356
0.052356
0.052356
0.052356
0.052356
0.052356
0.052356
0.052356
0.052356
0.052356
0.052356
0.052356
0.052356
0.052356
0.415661
0.434783
0.361851
0.322581
0.322581
0.212646
0.122699
0.122699
0.122699
0.122699
0.122699
0.122699
0.122699
0.156094
0.206186
0.206186
0.206186
0.206186
0.642784
0.483333
0.060606
0.060606
0.060606
0.060606
0.060606
0.060606
0.060606
0.060606
0.060606
0.060606
0.060606
0.060606
0.060606
0.060606
0.060606
0.120076
0.952791
0.061162
0.061162
0.061162
0.061162
0.061162
0.061162
0.061162
0.061162
0.061162
0.061162
0.061162
0.061162
0.061162
0.061162
0.061162
0.061162
0.122999
0.129870
0.129870
0.129870
0.129870
0.129870
0.129870
0.136154
0.161290
0.161290
0.161290
0.161290
0.161290
0.161290
0.444444
0.444444
0.505848
0.526316
0.340486
0.307692
0.307692
0.395804
0.454545
0.294061
0.053333
0.053333
0.053333
0.053333
0.053333
0.053333
0.053333
0.053333
0.053333
0.053333
0.053333
0.053333
0.053333
0.053333
0.053333
0.053333
0.053333
0.053333
1.039646
0.069930
0.069930
0.069930
0.069930
0.069930
0.069930
0.069930
0.069930
0.069930
0.069930
0.069930
0.069930
0.069930
0.069930
0.217391
0.217391
0.217391
0.217391
0.246377
0.289855
0.289855
0.289855
0.070540
0.058997
0.058997
0.058997
0.058997
0.058997
0.058997
0.058997
0.058997
0.058997
0.058997
0.058997
0.058997
0.058997
0.058997
0.058997
0.058997
0.500000
0.500000
0.120482
0.120482
0.120482
0.120482
0.120482
0.120482
0.120482
0.120482
0.195235
0.227273
0.227273
0.227273
0.474880
0.821465
0.392157
0.392157
1.097299
0.188679
0.188679
0.188679
0.188679
0.188679
0.653120
1.615385
0.769231
0.800000
0.575000
0.500000
1.943182
0.620843
0.487805
0.268573
0.229885
0.229885
0.229885
1.276233
0.322581
0.322581
0.384025
0.476190
0.878788
0.556586
0.136054
0.136054
0.136054
0.136054
0.136054
0.136054
0.281633
0.500000
0.466667
0.416667
0.416667
0.060976
0.060976
0.060976
0.060976
0.060976
0.060976
0.060976
0.060976
0.060976
0.060976
0.060976
0.060976
0.060976
0.060976
0.060976
0.060976
0.191057
0.277778
0.277778
0.277778
0.157480
0.157480
0.157480
0.157480
0.157480
0.157480
1.697975
0.549451
0.256410
0.256410
0.256410
1.111000
0.103627
0.103627
0.103627
0.103627
0.103627
0.103627
0.103627
0.103627
0.146065
0.952381
0.161290
0.161290
0.161290
0.161290
0.161290
0.161290
1.502846
0.587003
0.104712
0.104712
0.104712
0.104712
0.104712
0.104712
0.104712
0.104712
0.104712
1.000000
0.338983
0.338983
0.342442
0.408163
0.408163
0.829932
1.111111
1.534722
0.625000
1.090433
0.037244
0.037244
0.037244
0.037244
0.037244
0.037244
0.037244
0.037244
0.037244
0.037244
0.037244
0.037244
0.037244
0.037244
0.037244
0.037244
0.037244
0.037244
0.037244
0.037244
0.037244
0.037244
0.037244
0.037244
0.037244
0.037244
0.453724
0.500000
0.133333
0.092593
0.092593
0.092593
0.092593
0.092593
0.092593
0.092593
0.092593
0.092593
0.096756
0.134228
0.134228
0.134228
0.134228
0.134228
0.134228
0.134228
0.148542
0.156250
0.156250
0.156250
0.156250
0.156250
0.317187
0.800000
0.219780
0.219780
0.219780
0.219780
0.316531
0.434783
0.389973
0.136054
0.136054
0.136054
0.136054
0.136054
0.136054
0.136054
0.069651
0.053050
0.053050
0.053050
0.053050
0.053050
0.053050
0.053050
0.053050
0.053050
0.053050
0.053050
0.053050
0.053050
0.053050
0.053050
0.053050
0.053050
0.053050
0.136455
0.140845
0.140845
0.140845
0.140845
0.140845
0.140845
1.154460
0.444444
0.434127
0.238095
0.238095
0.238095
0.238095
0.642857
0.602159
0.465116
0.436693
0.370370
0.370370
0.284512
0.227273
0.227273
0.227273
1.202871
0.210526
0.210526
0.210526
0.210526
0.172740
0.102564
0.102564
0.102564
0.102564
0.102564
0.102564
0.102564
0.102564
0.102564
0.485470
0.833333
0.763889
0.119048
0.119048
0.119048
0.119048
0.119048
0.119048
0.119048
0.119048
0.067243
0.064516
0.064516
0.064516
0.064516
0.064516
0.064516
0.064516
0.064516
0.064516
0.064516
0.064516
0.064516
0.064516
0.064516
0.061495
0.057803
0.057803
0.057803
0.057803
0.057803
0.057803
0.057803
0.057803
0.057803
0.057803
0.057803
0.057803
0.057803
0.057803
0.057803
0.057803
0.088094
0.259740
0.259740
0.259740
0.237893
0.186916
0.186916
0.186916
0.186916
0.186916
0.153285
0.151515
0.151515
0.151515
0.151515
0.151515
0.143646
0.129032
0.129032
0.129032
0.129032
0.129032
0.129032
0.129032
2.079650
0.093458
0.093458
0.093458
0.093458
0.093458
0.093458
0.093458
0.093458
0.093458
0.093458
0.104050
0.111111
0.111111
0.111111
0.111111
0.111111
0.111111
0.111111
0.111111
0.589899
0.475122
0.041152
0.041152
0.041152
0.041152
0.041152
0.041152
0.041152
0.041152
0.041152
0.041152
0.041152
0.041152
0.041152
0.041152
0.041152
0.041152
0.041152
0.041152
0.041152
0.041152
0.041152
0.041152
0.041152
0.049658
0.083682
0.083682
0.083682
0.083682
0.083682
0.083682
0.083682
0.083682
0.083682
0.083682
0.083682
0.130329
0.270270
0.270270
0.270270
0.360752
0.434783
0.346087
0.080000
0.080000
0.080000
0.080000
0.080000
0.080000
0.080000
0.080000
0.080000
0.080000
0.080000
0.080000
0.174639
0.206186
0.206186
0.206186
0.206186
1.337692
0.487805
0.608915
0.773707
1.821181
0.034722
0.034722
0.034722
0.034722
0.034722
0.034722
0.034722
0.034722
0.034722
0.034722
0.034722
0.034722
0.034722
0.034722
0.034722
0.034722
0.034722
0.034722
0.034722
0.034722
0.034722
0.034722
0.034722
0.034722
0.034722
0.034722
0.034722
0.034722
0.085764
0.148148
0.148148
0.148148
0.148148
0.148148
0.148148
0.073733
0.041841
0.041841
0.041841
0.041841
0.041841
0.041841
0.041841
0.041841
0.041841
0.041841
0.041841
0.041841
0.041841
0.041841
0.041841
0.041841
0.041841
0.041841
0.041841
0.041841
0.041841
0.041841
0.041841
0.294082
0.357143
0.357143
0.137931
0.137931
0.137931
0.137931
0.137931
0.137931
0.137931
0.159483
0.166667
0.166667
0.166667
0.166667
0.166667
0.341667
0.400000
0.421951
0.487805
0.400072
0.049140
0.049140
0.049140
0.049140
0.049140
0.049140
0.049140
0.049140
0.049140
0.049140
0.049140
0.049140
0.049140
0.049140
0.049140
0.049140
0.049140
0.049140
0.049140
0.049140
0.231055
0.263158
0.263158
0.256757
0.135135
0.135135
0.135135
0.135135
0.135135
0.135135
0.135135
0.466652
0.628264
0.476190
0.476190
0.219780
0.219780
0.219780
0.219780
0.166797
0.102041
0.102041
0.102041
0.102041
0.102041
0.102041
0.102041
0.102041
0.102041
0.045114
0.014461
0.014461
0.014461
0.014461
0.014461
0.014461
0.014461
0.014461
0.014461
0.014461
0.014461
0.014461
0.014461
0.014461
0.014461
0.014461
0.014461
0.014461
0.014461
0.014461
0.014461
0.014461
0.014461
0.014461
0.014461
0.014461
0.014461
0.014461
0.014461
0.014461
0.014461
0.014461
0.014461
0.014461
0.014461
0.014461
0.014461
0.014461
0.014461
0.014461
0.014461
0.014461
0.014461
0.014461
0.014461
0.014461
0.014461
0.014461
0.014461
0.014461
0.014461
0.014461
0.014461
0.014461
0.014461
0.014461
0.014461
0.014461
0.014461
0.014461
0.014461
0.014461
0.014461
0.014461
0.014461
0.014461
0.014461
0.014461
0.251133
0.487805
0.294763
0.058824
0.058824
0.058824
0.058824
0.058824
0.058824
0.058824
0.058824
0.058824
0.058824
0.058824
0.058824
0.058824
0.058824
0.058824
0.058824
0.079721
0.105263
0.105263
0.105263
0.105263
0.105263
0.105263
0.105263
0.105263
0.105263
0.061476
0.059172
0.059172
0.059172
0.059172
0.059172
0.059172
0.059172
0.059172
0.059172
0.059172
0.059172
0.059172
0.059172
0.059172
0.059172
0.060738
0.090498
0.090498
0.090498
0.090498
0.090498
0.090498
0.090498
0.090498
0.090498
0.090498
0.090498
0.076046
0.076046
0.076046
0.076046
0.076046
0.076046
0.076046
0.076046
0.076046
0.076046
0.076046
0.076046
0.076046
0.170285
0.186916
0.186916
0.186916
