1244328059
none
7.666667
11.733333
9.600000
10.571429
18.428571
12.000000
11.666667
228.333333
254.000000
187.000000
177.000000
205.000000
145.000000
168.000000
138.000000
156.000000
158.000000
111.000000
136.000000
95.000000
110.000000
107.000000
89.000000
88.000000
81.500000
64.500000
63.000000
53.500000
47.500000
42.000000
46.333333
51.666667
35.000000
34.000000
39.000000
42.000000
37.000000
49.000000
45.000000
47.333333
42.666667
60.000000
60.000000
56.000000
77.000000
56.000000
77.000000
93.000000
87.000000
60.000000
46.000000
47.000000
41.000000
42.333333
37.666667
39.333333
35.166667
34.500000
31.000000
27.000000
35.000000
32.500000
26.500000
35.500000
25.000000
20.500000
21.000000
36.000000
40.000000
25.000000
13.000000
25.600000
22.400000
19.000000
18.000000
25.250000
40.750000
31.000000
22.500000
20.000000
10.500000
20.000000
18.500000
21.500000
8.333333
14.166667
14.000000
8.166667
16.833333
12.000000
11.500000
14.000000
11.000000
12.000000
9.285714
4.714286
11.250000
6.250000
4.785714
1.428571
7.901099
1.584615
3.723077
2.167832
3.623377
1.285714
3.750000
1.964286
2.932773
9.388655
0.714286
1.850000
3.672727
3.477273
5.250000
5.000000
4.666667
10.333333
12.600000
5.900000
8.750000
5.416667
13.666667
10.333333
14.933333
9.066667
7.033333
7.572727
2.227273
2.051724
1.148276
2.300000
3.666667
5.333333
10.250000
5.750000
7.266667
2.233333
5.357143
4.842857
7.800000
4.700000
0.800000
2.000000
3.833333
7.309524
3.357143
5.571429
1.178571
0.714286
1.550866
1.859848
3.375000
3.544118
2.483660
5.222222
5.000000
4.750000
2.716667
0.723810
2.059524
4.416667
2.794872
2.038462
3.576923
1.133603
0.526316
1.263158
1.538462
1.394872
0.609524
0.857143
1.236364
0.909091
1.223776
0.860399
0.925926
0.705314
0.434783
0.765886
2.538462
0.952381
0.511034
0.487805
2.965447
2.377451
0.859729
0.384615
0.384615
1.692308
3.694960
0.689655
4.000000
3.000000
2.111111
2.638889
0.870690
1.197492
4.070707
1.673611
0.723214
2.714286
3.428571
4.771429
1.642105
1.657895
2.863636
3.064935
2.571429
5.800000
4.200000
3.538462
2.128205
1.696970
2.080808
3.930556
1.625000
3.666667
0.942029
6.534161
4.107143
3.464286
2.223214
4.479167
3.765152
4.818182
4.875000
6.458333
4.666667
2.000000
4.125000
2.875000
1.411765
1.826331
0.921905
0.800000
1.706667
5.333333
2.352941
0.911765
0.588235
0.723982
1.481900
0.294118
0.294118
0.294118
0.366516
0.384615
1.307692
0.666667
0.487179
0.307692
0.307692
1.493927
1.823799
0.869565
0.698651
0.729443
1.059829
1.841270
0.476190
1.538095
2.557143
1.580357
1.173611
2.311966
1.194570
2.382353
3.700000
1.600000
1.100000
2.683333
1.716667
1.628571
0.647186
2.590909
4.000000
0.370370
0.370370
1.550926
0.783046
0.689655
2.114420
0.909091
2.327506
0.512821
2.455128
2.500000
2.583333
0.966667
0.500000
1.200000
3.102041
0.408163
0.408163
4.331633
0.625000
3.201923
1.923077
3.380952
0.869048
0.714286
2.410714
2.025000
1.247059
2.672941
0.810435
0.869565
1.072727
0.363636
0.363636
1.353846
1.596154
1.300847
0.338983
0.338983
0.521186
0.834211
0.210526
0.210526
0.210526
0.210526
1.002256
1.189076
1.194853
0.896802
0.465116
0.406662
0.270270
0.270270
0.270270
1.404404
1.703704
2.000000
0.769231
1.307692
0.512821
0.810256
1.100000
0.650000
0.500000
3.635714
1.314286
0.926316
1.562573
0.444444
0.444444
0.782222
3.640000
1.600000
0.909091
3.090909
1.470588
2.529412
1.200000
1.300000
2.500000
1.116279
0.465116
0.600423
1.296443
1.021739
3.166667
3.083333
2.472222
4.611111
3.309524
0.934066
0.769231
2.326260
0.689655
2.071264
2.941667
1.340385
0.307692
0.307692
2.391453
2.146199
1.012531
0.899048
0.920000
3.121429
0.755495
1.393665
1.614518
0.425532
0.425532
0.670973
0.527186
0.298507
0.298507
0.281477
0.128205
0.128205
0.128205
0.128205
0.128205
0.128205
0.128205
0.329744
0.826667
1.100000
0.555556
1.849206
2.461905
0.222222
0.222222
0.222222
0.222222
1.559259
0.625661
0.357143
0.357143
1.178571
5.058824
2.941176
1.400000
1.085714
0.736508
1.396825
3.214286
3.233333
4.600000
1.196970
1.080808
0.815556
0.618378
0.540541
2.542620
1.288462
1.000000
1.771739
1.678261
2.278261
2.664596
1.395604
0.757835
0.953704
1.644737
1.500612
0.465116
0.963064
0.601471
0.500000
1.559848
1.265152
1.437500
0.991987
0.512821
0.574359
0.666667
1.538889
1.527778
2.800000
0.920000
1.730000
2.050000
1.558824
1.248869
1.692308
0.476190
0.476190
1.532468
0.575152
0.400000
0.400000
2.242564
0.512821
0.500894
0.465116
0.561462
0.965251
0.270270
0.270270
0.270270
0.781081
1.481818
1.484848
0.698718
0.384615
1.027778
0.561845
0.377358
0.500410
0.865942
0.833333
1.213768
0.434783
0.434783
1.500000
0.909091
0.775120
0.526316
2.089474
2.676190
1.655388
0.526316
0.730994
0.957265
0.773846
0.800000
2.471304
0.881423
0.937799
1.789474
0.625000
0.570122
0.487805
0.953437
1.163636
3.223256
0.465116
0.465116
0.496512
0.500000
0.650000
2.542857
1.235521
0.540541
0.225149
0.169492
0.169492
0.169492
0.169492
0.169492
0.065361
0.059880
0.059880
0.059880
0.059880
0.059880
0.059880
0.059880
0.059880
0.059880
0.059880
0.059880
0.059880
0.059880
0.059880
0.059880
2.044910
0.168067
0.168067
0.168067
0.168067
0.168067
0.198125
0.769231
0.597713
0.540541
2.348172
1.372549
1.433333
0.666667
1.161905
1.871429
0.675000
0.500000
2.125000
2.150000
1.600000
2.240909
0.909091
2.133333
0.266667
0.266667
0.266667
0.718841
1.963211
1.595142
0.350877
0.350877
0.556469
0.667614
0.988636
1.192073
0.487805
1.995122
1.100000
0.550000
0.500000
0.716667
0.608333
0.500000
1.010714
4.214286
0.540541
2.459459
1.067568
0.270270
0.270270
0.270270
1.429314
0.722158
0.298507
0.298507
0.298507
0.491294
0.555556
2.220760
0.350877
0.350877
0.184809
0.113636
0.113636
0.113636
0.113636
0.113636
0.113636
0.113636
0.113636
0.129785
0.131579
0.131579
0.131579
0.131579
0.131579
0.131579
0.692105
1.400000
1.217391
0.289855
0.289855
1.327899
0.500000
0.732143
1.792857
0.500000
0.850000
0.642857
0.204082
0.204082
0.204082
0.204082
0.354542
0.392157
0.849673
1.037037
0.717752
0.689655
2.520000
0.901053
0.938947
0.730909
0.454545
0.454545
0.298507
0.298507
0.298507
0.826700
0.902778
1.644231
0.764103
0.666667
0.427907
0.232558
0.232558
0.232558
0.296370
0.487805
0.479133
0.444444
0.444444
0.752991
0.571556
0.465116
0.649225
0.729675
0.487805
1.423546
0.384615
0.384615
0.552387
0.633510
0.128205
0.128205
0.128205
0.128205
0.128205
0.128205
0.128205
0.423077
0.888889
0.555556
0.300654
0.130719
0.130719
0.130719
0.130719
0.130719
0.130719
0.130719
0.220019
0.224719
0.224719
0.224719
0.312360
0.400000
0.400000
0.333333
0.333333
0.333333
0.253165
0.253165
0.253165
0.351617
1.070707
0.303030
0.303030
0.362121
0.500000
0.622727
0.848485
0.606061
1.058442
0.471861
0.303030
0.303030
1.905594
1.175214
0.710728
0.408119
0.126582
0.126582
0.126582
0.126582
0.126582
0.126582
0.126582
0.182501
0.219780
0.219780
0.219780
0.252269
0.869565
0.392041
0.338983
0.338983
1.219481
0.253165
0.253165
0.253165
0.099347
0.072202
0.072202
0.072202
0.072202
0.072202
0.072202
0.072202
0.072202
0.072202
0.072202
0.072202
0.072202
0.072202
0.071942
0.071942
0.071942
0.071942
0.071942
0.071942
0.071942
0.071942
0.071942
0.071942
0.071942
0.071942
0.071942
0.148082
0.833333
1.220175
0.210526
0.210526
0.210526
0.210526
0.246053
0.250000
0.250000
0.250000
0.141129
0.129032
0.129032
0.129032
0.129032
0.129032
0.129032
0.121582
0.079365
0.079365
0.079365
0.079365
0.079365
0.079365
0.079365
0.079365
0.079365
0.079365
0.079365
0.079365
0.150298
0.208333
0.208333
0.208333
0.208333
0.077125
0.033389
0.033389
0.033389
0.033389
0.033389
0.033389
0.033389
0.033389
0.033389
0.033389
0.033389
0.033389
0.033389
0.033389
0.033389
0.033389
0.033389
0.033389
0.033389
0.033389
0.033389
0.033389
0.033389
0.033389
0.033389
0.033389
0.033389
0.033389
0.033389
0.491526
0.615152
0.666667
0.350450
0.180180
0.180180
0.180180
0.180180
0.181770
0.196078
0.196078
0.196078
0.196078
0.196078
0.098039
0.098039
0.098039
0.098039
0.098039
0.098039
0.098039
0.098039
0.098039
0.098039
1.028699
0.090909
0.090909
0.090909
0.090909
0.090909
0.090909
0.090909
0.090909
0.090909
0.090909
0.096856
0.150376
0.150376
0.150376
0.150376
0.150376
0.150376
0.104499
0.048426
0.048426
0.048426
0.048426
0.048426
0.048426
0.048426
0.048426
0.048426
0.048426
0.048426
0.048426
0.048426
0.048426
0.048426
0.048426
0.048426
0.048426
0.048426
0.048426
0.056883
0.058997
0.058997
0.058997
0.058997
0.058997
0.058997
0.058997
0.058997
0.058997
0.058997
0.058997
0.058997
0.058997
0.058997
0.058997
0.058997
0.301953
0.344828
0.344828
2.089464
0.111111
0.111111
0.111111
0.111111
0.111111
0.111111
0.111111
0.111111
0.221987
0.281690
0.281690
0.286854
0.333333
0.333333
0.311111
0.111111
0.111111
0.111111
0.111111
0.111111
0.111111
0.111111
0.111111
0.108969
0.089686
0.089686
0.089686
0.089686
0.089686
0.089686
0.089686
0.089686
0.089686
0.089686
0.089686
1.004484
0.108696
0.108696
0.108696
0.108696
0.108696
0.108696
0.108696
0.108696
0.108696
0.075072
0.066667
0.066667
0.066667
0.066667
0.066667
0.066667
0.066667
0.066667
0.066667
0.066667
0.066667
0.066667
0.066667
0.066667
0.195152
0.227273
0.227273
0.227273
1.180481
0.294118
0.294118
0.294118
0.234820
0.215054
0.215054
0.215054
0.211730
0.181818
0.181818
0.181818
0.181818
0.181818
0.185935
0.188679
0.188679
0.188679
0.188679
0.154053
0.073260
0.073260
0.073260
0.073260
0.073260
0.073260
0.073260
0.073260
0.073260
0.073260
0.073260
0.073260
0.073260
0.397070
0.571429
0.297143
0.266667
0.266667
0.307748
0.540541
0.402868
0.081633
0.081633
0.081633
0.081633
0.081633
0.081633
0.081633
0.081633
0.081633
0.081633
0.081633
0.079893
0.046838
0.046838
0.046838
0.046838
0.046838
0.046838
0.046838
0.046838
0.046838
0.046838
0.046838
0.046838
0.046838
0.046838
0.046838
0.046838
0.046838
0.046838
0.046838
0.046838
0.046838
1.339633
0.465116
0.255716
0.084388
0.084388
0.084388
0.084388
0.084388
0.084388
0.084388
0.084388
0.084388
0.084388
0.084388
0.108650
0.119048
0.119048
0.119048
0.119048
0.119048
0.119048
0.119048
0.190476
0.357143
0.357143
0.247537
0.137931
0.137931
0.137931
0.137931
0.137931
0.137931
0.146183
0.170940
0.170940
0.170940
0.170940
0.170940
0.991453
0.219683
0.114286
0.114286
0.114286
0.114286
0.114286
0.114286
0.114286
0.100709
0.046404
0.046404
0.046404
0.046404
0.046404
0.046404
0.046404
0.046404
0.046404
0.046404
0.046404
0.046404
0.046404
0.046404
0.046404
0.046404
0.046404
0.046404
0.046404
0.046404
0.046404
0.117804
0.156250
0.156250
0.156250
0.156250
0.156250
0.166207
0.196078
0.196078
0.196078
0.196078
0.333333
0.861266
0.111732
0.111732
0.111732
0.111732
0.111732
0.111732
0.111732
0.111732
0.195859
0.392157
0.392157
0.318627
0.294118
0.294118
0.450436
0.740741
1.650000
0.496067
0.224719
0.224719
0.224719
0.241314
0.307692
0.307692
0.307692
0.094883
0.083682
0.083682
0.083682
0.083682
0.083682
0.083682
0.083682
0.083682
0.083682
0.083682
0.083682
0.134228
0.134228
0.134228
0.134228
0.134228
0.134228
0.134228
0.097818
0.068027
0.068027
0.068027
0.068027
0.068027
0.068027
0.068027
0.068027
0.068027
0.068027
0.068027
0.068027
0.068027
0.068027
0.212585
0.238095
0.238095
0.238095
1.216667
0.666667
0.977778
0.283761
0.076923
0.076923
0.076923
0.076923
0.076923
0.076923
0.076923
0.076923
0.076923
0.076923
0.076923
0.076923
0.101871
0.108108
0.108108
0.108108
0.108108
0.108108
0.108108
0.108108
0.108108
0.108431
0.108696
0.108696
0.108696
0.108696
0.108696
0.108696
0.108696
0.108696
0.250139
0.512821
0.319981
0.030722
0.030722
0.030722
0.030722
0.030722
0.030722
0.030722
0.030722
0.030722
0.030722
0.030722
0.030722
0.030722
0.030722
0.030722
0.030722
0.030722
0.030722
0.030722
0.030722
0.030722
0.030722
0.030722
0.030722
0.030722
0.030722
0.030722
0.030722
0.030722
0.030722
0.030722
0.030722
0.366310
0.425532
0.314807
0.204082
0.204082
0.204082
0.204082
0.194840
0.188679
0.188679
0.188679
0.188679
0.199491
0.224719
0.224719
0.224719
0.224719
0.197169
0.192308
0.192308
0.192308
0.192308
0.130414
0.097087
0.097087
0.097087
0.097087
0.097087
0.097087
0.097087
0.097087
0.097087
0.072722
0.027473
0.027473
0.027473
0.027473
0.027473
0.027473
0.027473
0.027473
0.027473
0.027473
0.027473
0.027473
0.027473
0.027473
0.027473
0.027473
0.027473
0.027473
0.027473
0.027473
0.027473
0.027473
0.027473
0.027473
0.027473
0.027473
0.027473
0.027473
0.027473
0.027473
0.027473
0.027473
0.027473
0.027473
0.027473
0.027473
0.307825
0.322581
0.322581
0.190054
0.166667
0.166667
0.166667
0.166667
0.166667
0.705000
0.570000
0.416667
0.404762
0.357143
0.357143
0.283851
0.173913
0.173913
0.173913
0.173913
0.173913
1.060870
0.173913
0.173913
0.173913
0.173913
0.173913
0.218154
0.350877
0.350877
0.323202
0.281690
0.281690
0.281690
0.428617
0.454545
0.279461
0.185185
0.185185
0.185185
0.185185
0.213516
0.298507
0.298507
0.298507
0.085751
0.062112
0.062112
0.062112
0.062112
0.062112
0.062112
0.062112
0.062112
0.062112
0.062112
0.062112
0.062112
0.062112
0.062112
0.062112
0.111801
0.124224
0.124224
0.124224
0.124224
0.124224
0.124224
0.124224
0.049876
0.025094
0.025094
0.025094
0.025094
0.025094
0.025094
0.025094
0.025094
0.025094
0.025094
0.025094
0.025094
0.025094
0.025094
0.025094
0.025094
0.025094
0.025094
0.025094
0.025094
0.025094
0.025094
0.025094
0.025094
0.025094
0.025094
0.025094
0.025094
0.025094
0.025094
0.025094
0.025094
0.025094
0.025094
0.025094
0.025094
0.025094
0.025094
0.025094
0.115717
0.125786
0.125786
0.125786
0.125786
0.125786
0.125786
0.125786
0.322956
0.333333
0.333333
0.140850
0.130719
0.130719
0.130719
0.130719
0.130719
0.130719
0.114759
0.077519
0.077519
0.077519
0.077519
0.077519
0.077519
0.077519
0.077519
0.077519
0.077519
0.077519
0.077519
0.138466
0.229885
0.229885
0.229885
0.223855
0.109290
0.109290
0.109290
0.109290
0.109290
0.109290
0.109290
0.109290
0.109290
0.087200
0.084746
0.084746
0.084746
0.084746
0.084746
0.084746
0.084746
0.084746
0.084746
0.084746
0.092144
0.158730
0.158730
0.158730
0.158730
0.158730
0.158730
0.193362
0.202020
0.202020
0.202020
0.202020
1.344029
0.392157
0.511509
1.782609
0.044346
0.044346
0.044346
0.044346
0.044346
0.044346
0.044346
0.044346
0.044346
0.044346
0.044346
0.044346
0.044346
0.044346
0.044346
0.044346
0.044346
0.044346
0.044346
0.044346
0.044346
0.044346
0.105471
0.180180
0.180180
0.180180
0.180180
0.180180
0.240240
0.246914
0.246914
0.246914
0.141332
0.122699
0.122699
0.122699
0.122699
0.122699
0.122699
0.122699
0.209649
0.246914
0.246914
0.246914
0.227724
0.217391
0.217391
0.217391
0.208720
0.043956
0.043956
0.043956
0.043956
0.043956
0.043956
0.043956
0.043956
0.043956
0.043956
0.043956
0.043956
0.043956
0.043956
0.043956
0.043956
0.043956
0.043956
0.043956
0.043956
0.043956
0.043956
0.074565
0.145985
0.145985
0.145985
0.145985
0.145985
0.145985
0.294578
0.476190
0.320478
0.031299
0.031299
0.031299
0.031299
0.031299
0.031299
0.031299
0.031299
0.031299
0.031299
0.031299
0.031299
0.031299
0.031299
0.031299
0.031299
0.031299
0.031299
0.031299
0.031299
0.031299
0.031299
0.031299
0.031299
0.031299
0.031299
0.031299
0.031299
0.031299
0.031299
0.031299
0.112897
0.235294
0.235294
0.235294
0.252632
0.350877
0.350877
0.349062
0.344828
0.344828
0.224027
0.042827
0.042827
0.042827
0.042827
0.042827
0.042827
0.042827
0.042827
0.042827
0.042827
0.042827
0.042827
0.042827
0.042827
0.042827
0.042827
0.042827
0.042827
0.042827
0.042827
0.042827
0.042827
0.059553
0.377358
0.377358
0.232836
0.016051
0.016051
0.016051
0.016051
0.016051
0.016051
0.016051
0.016051
0.016051
0.016051
0.016051
0.016051
0.016051
0.016051
0.016051
0.016051
0.016051
0.016051
0.016051
0.016051
0.016051
0.016051
0.016051
0.016051
0.016051
0.016051
0.016051
0.016051
0.016051
0.016051
0.016051
0.016051
0.016051
0.016051
0.016051
0.016051
0.016051
0.016051
0.016051
0.016051
0.016051
0.016051
0.016051
0.016051
0.016051
0.016051
0.016051
0.016051
0.016051
0.016051
0.016051
0.016051
0.016051
0.016051
0.016051
0.016051
0.016051
0.016051
0.016051
0.016051
0.016051
0.022885
0.084388
0.084388
0.084388
0.084388
0.084388
0.084388
0.084388
0.084388
0.084388
0.084388
0.084388
0.133714
0.281690
0.281690
0.281690
0.105560
0.030075
0.030075
0.030075
0.030075
0.030075
0.030075
0.030075
0.030075
0.030075
0.030075
0.030075
0.030075
0.030075
0.030075
0.030075
0.030075
0.030075
0.030075
0.030075
0.030075
0.030075
0.030075
0.030075
0.030075
0.030075
0.030075
0.030075
0.030075
0.030075
0.030075
0.030075
0.030075
0.035980
0.043197
0.043197
0.043197
0.043197
0.043197
0.043197
0.043197
0.043197
0.043197
0.043197
0.043197
0.043197
0.043197
0.043197
0.043197
0.043197
0.043197
0.043197
0.043197
0.043197
0.043197
0.043197
0.201666
0.571429
0.334608
0.140845
0.140845
0.140845
0.140845
0.140845
0.140845
0.235360
0.350877
0.350877
0.195397
0.091743
0.091743
0.091743
0.091743
0.091743
0.091743
0.091743
0.091743
0.091743
0.091743
0.135215
0.153846
0.153846
0.153846
0.153846
0.153846
0.126540
0.017316
0.017316
0.017316
0.017316
0.017316
0.017316
0.017316
0.017316
0.017316
0.017316
0.017316
0.017316
0.017316
0.017316
0.017316
0.017316
0.017316
0.017316
0.017316
0.017316
0.017316
0.017316
0.017316
0.017316
0.017316
0.017316
0.017316
0.017316
0.017316
0.017316
0.017316
0.017316
0.017316
0.017316
0.017316
0.017316
0.017316
0.017316
0.017316
0.017316
0.017316
0.017316
0.017316
0.017316
0.017316
0.017316
0.017316
0.017316
0.017316
0.017316
0.017316
0.017316
0.017316
0.017316
0.017316
0.017316
0.017316
0.019360
0.021858
0.021858
0.021858
0.021858
0.021858
0.021858
0.021858
0.021858
0.021858
0.021858
0.021858
0.021858
0.021858
0.021858
0.021858
0.021858
0.021858
0.021858
0.021858
0.021858
0.021858
0.021858
0.021858
0.021858
0.021858
0.021858
0.021858
0.021858
0.021858
0.021858
0.021858
0.021858
0.021858
0.021858
0.021858
0.021858
0.021858
0.021858
0.021858
0.021858
0.021858
0.021858
0.021858
0.021858
0.021858
0.091923
0.121951
0.121951
0.121951
0.121951
0.121951
0.121951
0.121951
0.120499
0.119048
0.119048
0.119048
0.119048
0.119048
0.119048
0.119048
0.122180
0.150376
0.150376
0.150376
0.150376
0.150376
0.150376
0.130579
0.106383
0.106383
0.106383
0.106383
0.106383
0.106383
0.106383
0.106383
0.103689
0.052493
0.052493
0.052493
0.052493
0.052493
0.052493
0.052493
0.052493
0.052493
0.052493
0.052493
0.052493
0.052493
0.052493
0.052493
0.052493
0.052493
0.052493
0.052493
0.149254
0.149254
0.149254
0.149254
0.149254
0.149254
0.124955
0.068259
0.068259
0.068259
0.068259
0.068259
0.068259
0.068259
0.068259
0.068259
0.068259
0.068259
0.068259
0.068259
0.068259
0.192722
0.259740
0.259740
