1244314092
none
10.750000
4.250000
10.200000
3.425000
6.575000
6.466667
2.958333
2.625000
8.250000
4.552632
2.147368
3.492308
5.307692
2.500000
8.000000
2.727273
1.372727
3.828571
2.029762
1.986111
2.868056
1.379808
5.974359
2.520833
1.590278
4.022222
4.366667
3.833333
4.000000
2.400000
4.266667
3.000000
4.833333
7.100000
44.400000
110.000000
94.000000
68.000000
77.000000
47.000000
70.000000
40.000000
51.000000
37.000000
39.000000
42.000000
43.000000
40.000000
39.000000
50.000000
68.000000
55.500000
53.500000
66.000000
45.000000
82.000000
104.000000
84.000000
108.000000
99.000000
102.000000
140.000000
163.000000
133.000000
127.000000
142.000000
147.000000
151.000000
135.000000
148.000000
123.000000
124.000000
122.000000
127.000000
103.000000
114.000000
78.666667
35.333333
37.000000
34.000000
36.333333
21.666667
29.500000
33.500000
26.000000
24.666667
37.333333
23.000000
27.000000
26.500000
27.500000
38.333333
24.666667
22.000000
17.000000
33.000000
33.000000
23.500000
23.500000
32.000000
30.000000
22.000000
20.000000
19.000000
12.666667
23.833333
9.000000
7.833333
2.466667
4.075000
2.725000
9.400000
5.200000
4.911111
3.138889
4.166667
3.183333
3.900000
1.750000
1.328947
4.921053
1.900000
2.600000
7.166667
5.458333
6.375000
9.666667
10.424242
5.909091
16.000000
7.750000
10.250000
5.750000
11.650000
7.457143
8.742857
9.700000
5.700000
8.666667
4.933333
4.066667
3.606061
8.727273
6.000000
8.500000
5.500000
7.500000
7.863636
5.636364
15.500000
10.000000
8.900000
3.516667
6.750000
6.333333
5.000000
5.047619
0.952381
3.000000
4.750000
3.750000
4.333333
5.075758
5.715909
3.089286
2.685714
5.600000
8.545455
4.454545
5.866667
1.979487
2.881119
9.272727
1.588235
2.211765
6.400000
4.094118
2.150327
1.555556
2.736842
1.784897
1.978261
1.184211
0.727554
0.588235
1.500000
0.500000
1.226190
0.238095
0.238095
0.238095
0.684524
0.664474
0.526316
1.371711
1.979167
0.666667
2.766667
2.200000
1.408333
0.416667
0.435606
0.606061
1.400000
1.394872
4.769231
2.081731
1.137500
3.760526
2.900585
3.434343
1.336898
3.390374
1.727273
4.250000
2.750000
1.550000
4.450000
3.555556
2.777778
3.523810
1.428571
1.339286
4.541667
1.485507
3.847826
3.166667
1.645833
0.625000
5.562500
4.000000
3.409091
4.090909
0.540541
0.792793
3.388889
2.277778
7.750000
2.183333
3.733333
1.000000
4.543860
3.289474
3.500000
3.900000
1.314286
4.452381
2.583333
2.250000
3.261905
1.571429
0.606061
4.208754
0.740741
1.247475
0.303030
0.303030
0.334499
0.512821
1.515520
1.269737
2.339286
0.845714
0.890000
2.050000
1.520000
0.400000
0.400000
2.291111
1.017921
0.645161
1.392473
0.833333
2.000000
0.952381
0.606443
1.274510
3.075758
0.684659
1.656250
2.250000
1.500000
4.777778
2.555556
1.034014
0.408163
0.916797
3.307692
2.151515
0.606061
2.492424
0.625000
1.325000
0.800000
1.714286
0.571429
0.408163
0.618622
2.354167
3.333333
3.000000
0.869565
1.822742
2.593407
1.130952
0.783333
0.666667
2.276190
2.428571
3.142857
0.866359
1.705069
1.214286
1.818182
0.790514
0.434783
0.434783
1.323326
0.317460
0.317460
2.980159
1.518116
1.201581
0.696970
0.416667
1.250000
1.325581
0.465116
1.415185
0.588235
2.387701
1.429293
0.571987
0.281690
0.281690
1.266021
0.250000
0.250000
0.250000
0.362500
1.294355
1.747312
1.217949
0.882051
2.177778
1.132479
0.648077
0.500000
1.446429
0.571429
0.664550
0.648931
0.281690
0.281690
0.281690
2.098592
0.833333
0.424731
0.322581
0.322581
3.096774
1.185185
0.740741
2.340741
0.444444
0.827350
1.604396
1.493506
3.435065
1.034632
0.303030
0.303030
0.337879
1.033333
1.608974
5.641026
1.666667
3.130435
0.869565
0.571429
0.539683
0.444444
0.444444
1.818182
3.781818
2.733333
1.840580
0.916996
3.242424
2.466667
3.307143
0.714286
1.778571
1.100000
1.585714
2.314286
2.971429
1.908571
1.058462
0.664437
0.289855
0.289855
0.402576
0.740741
0.449074
0.416667
0.334916
0.253165
0.253165
0.253165
0.428210
0.571429
0.504530
0.487805
0.576497
0.688312
1.123810
0.666667
1.793939
2.806061
1.279167
1.393382
0.294118
0.294118
0.420168
0.714286
1.379121
0.942308
4.500000
1.634615
1.015385
1.138462
3.566802
1.082237
1.879167
3.266667
2.666667
4.916667
3.166667
3.916667
3.317073
0.487805
0.901004
2.497821
0.370370
0.370370
1.484127
1.738095
1.833333
3.089286
0.357143
0.357143
1.596429
1.822222
0.992063
0.714286
2.293651
1.017778
0.788571
0.571429
0.733333
2.694444
0.555556
3.416667
2.500000
1.566667
0.666667
0.898246
3.368421
0.454545
0.454545
1.706294
1.606838
1.063492
1.026786
1.116071
0.638095
0.166667
0.166667
0.166667
0.166667
0.166667
0.375862
0.689655
0.351149
0.333333
0.333333
0.720370
2.629630
1.666667
1.205479
0.273973
0.273973
0.371575
2.275000
2.944828
0.855172
1.415385
1.009615
0.620614
0.350877
0.350877
1.766917
2.223214
1.875000
5.330357
1.142857
1.880952
3.015152
1.093182
0.500000
1.336111
2.055556
2.208333
1.225000
1.066667
1.833333
1.833333
0.862745
0.392157
0.392157
2.019608
2.150000
1.000000
1.450000
1.923810
2.476190
2.533333
1.841667
1.562500
1.062500
3.000000
1.194444
0.555556
1.694444
2.017094
2.591093
1.080702
0.899377
0.093458
0.093458
0.093458
0.093458
0.093458
0.093458
0.093458
0.093458
0.093458
0.093458
0.118803
0.132450
0.132450
0.132450
0.132450
0.132450
0.132450
0.164660
0.454545
0.454545
0.215266
0.188679
0.188679
0.188679
0.188679
0.781354
1.359594
0.119048
0.119048
0.119048
0.119048
0.119048
0.119048
0.119048
0.124091
0.152672
0.152672
0.152672
0.152672
0.152672
0.152672
0.333796
0.454545
0.323042
0.125786
0.125786
0.125786
0.125786
0.125786
0.125786
0.125786
0.189182
0.266667
0.266667
0.266667
0.816842
0.501253
0.317460
0.317460
0.514081
0.624808
0.238095
0.238095
0.238095
0.238095
0.382653
0.408163
0.444898
0.500000
1.300000
0.444444
0.444444
0.168145
0.076046
0.076046
0.076046
0.076046
0.076046
0.076046
0.076046
0.076046
0.076046
0.076046
0.076046
0.076046
0.108850
0.130719
0.130719
0.130719
0.130719
0.130719
0.130719
0.130719
0.766536
0.323333
0.119048
0.119048
0.119048
0.119048
0.119048
0.119048
0.119048
0.544872
1.679638
0.235294
0.235294
0.235294
0.241549
0.253165
0.253165
0.253165
0.532851
0.789779
0.487805
1.412892
0.714286
0.251128
0.052632
0.052632
0.052632
0.052632
0.052632
0.052632
0.052632
0.052632
0.052632
0.052632
0.052632
0.052632
0.052632
0.052632
0.052632
0.052632
0.052632
0.052632
0.415789
0.571429
0.246962
0.229885
0.229885
0.229885
1.302480
1.815448
0.259740
0.259740
0.259740
0.282524
0.350877
0.350877
0.239830
0.073260
0.073260
0.073260
0.073260
0.073260
0.073260
0.073260
0.073260
0.073260
0.073260
0.073260
0.073260
0.073260
0.732601
0.824176
0.531714
0.175439
0.175439
0.175439
0.175439
0.175439
0.519298
0.583333
0.250000
0.250000
0.250000
0.234483
0.172414
0.172414
0.172414
0.172414
0.172414
1.295756
0.769231
0.597285
1.441176
1.093525
0.143885
0.143885
0.143885
0.143885
0.143885
0.143885
0.361347
0.454545
0.278819
0.103093
0.103093
0.103093
0.103093
0.103093
0.103093
0.103093
0.103093
0.103093
0.132507
0.139860
0.139860
0.139860
0.139860
0.139860
0.139860
0.410062
0.555556
0.193723
0.129870
0.129870
0.129870
0.129870
0.129870
0.129870
0.133645
0.155039
0.155039
0.155039
0.155039
0.155039
0.155039
0.093023
0.066445
0.066445
0.066445
0.066445
0.066445
0.066445
0.066445
0.066445
0.066445
0.066445
0.066445
0.066445
0.066445
0.066445
0.096702
0.112994
0.112994
0.112994
0.112994
0.112994
0.112994
0.112994
0.112994
0.355932
0.416667
0.783333
1.733333
0.666667
0.382456
0.350877
0.337415
0.081633
0.081633
0.081633
0.081633
0.081633
0.081633
0.081633
0.081633
0.081633
0.081633
0.081633
0.081633
0.312623
0.370370
0.354167
0.208333
0.208333
0.208333
0.208333
0.295833
0.500000
0.411224
0.204082
0.204082
0.204082
0.204082
1.180701
0.194175
0.194175
0.194175
0.194175
1.177344
0.081967
0.081967
0.081967
0.081967
0.081967
0.081967
0.081967
0.081967
0.081967
0.081967
0.081967
0.081967
0.517612
0.526486
0.400000
0.400000
0.502857
0.571429
1.112741
0.270270
0.270270
0.270270
0.606607
0.793651
0.476190
0.605714
0.705862
0.172414
0.172414
0.172414
0.172414
0.172414
0.261005
0.425532
0.425532
1.174419
0.232558
0.232558
0.232558
0.820215
1.384615
0.769231
0.705570
1.510776
1.069079
0.526316
0.415789
0.210526
0.210526
0.210526
0.210526
0.884211
1.258252
0.194175
0.194175
0.194175
0.194175
0.226273
0.408163
0.408163
0.175681
0.076046
0.076046
0.076046
0.076046
0.076046
0.076046
0.076046
0.076046
0.076046
0.076046
0.076046
0.076046
0.096721
0.113636
0.113636
0.113636
0.113636
0.113636
0.113636
0.113636
0.113636
0.159988
0.175439
0.175439
0.175439
0.175439
0.173611
0.138889
0.138889
0.138889
0.138889
0.138889
0.138889
0.138889
0.169956
0.175439
0.175439
0.175439
0.175439
0.197510
0.322581
0.322581
0.315886
0.188679
0.188679
0.188679
0.188679
0.188679
0.277939
0.307692
0.307692
0.778846
0.520833
0.208333
0.208333
0.208333
0.208333
0.877976
0.881988
1.319311
0.129870
0.129870
0.129870
0.129870
0.129870
0.129870
0.129870
0.178099
0.194175
0.194175
0.194175
0.194175
0.322568
0.408163
1.346939
0.571429
0.442233
0.054645
0.054645
0.054645
0.054645
0.054645
0.054645
0.054645
0.054645
0.054645
0.054645
0.054645
0.054645
0.054645
0.054645
0.054645
0.054645
0.054645
0.054645
0.185425
0.192308
0.192308
0.192308
0.192308
0.155991
0.143885
0.143885
0.143885
0.143885
0.143885
0.143885
0.304639
0.344828
0.344828
0.981851
0.474854
0.444444
0.234783
0.144928
0.144928
0.144928
0.144928
0.144928
0.144928
0.473430
0.555556
1.080882
0.147059
0.147059
0.147059
0.147059
0.147059
0.147059
0.974265
1.124038
0.153846
0.153846
0.153846
0.153846
0.153846
0.153846
0.596030
0.510264
0.259740
0.259740
0.259740
0.629870
0.562893
0.125786
0.125786
0.125786
0.125786
0.125786
0.125786
0.125786
1.075523
0.054054
0.054054
0.054054
0.054054
0.054054
0.054054
0.054054
0.054054
0.054054
0.054054
0.054054
0.054054
0.054054
0.054054
0.054054
0.054054
0.054054
0.054054
0.143029
0.158730
0.158730
0.158730
0.158730
0.158730
0.346429
0.500000
0.440686
0.392157
0.392157
1.206349
0.317460
0.317460
0.244937
0.172414
0.172414
0.172414
0.172414
0.172414
0.751724
0.486667
0.266667
0.266667
0.266667
0.196026
0.192308
0.192308
0.192308
0.192308
0.405220
0.476190
0.363636
0.303030
0.303030
0.271438
0.212766
0.212766
0.212766
0.212766
0.319751
0.377358
0.377358
1.275362
0.289855
0.289855
1.180899
0.143885
0.143885
0.143885
0.143885
0.143885
0.143885
0.254566
0.512821
0.381944
0.138889
0.138889
0.138889
0.138889
0.138889
0.138889
0.126701
0.057637
0.057637
0.057637
0.057637
0.057637
0.057637
0.057637
0.057637
0.057637
0.057637
0.057637
0.057637
0.057637
0.057637
0.057637
0.057637
0.057637
1.011527
0.769231
0.270999
0.057471
0.057471
0.057471
0.057471
0.057471
0.057471
0.057471
0.057471
0.057471
0.057471
0.057471
0.057471
0.057471
0.057471
0.057471
0.057471
0.325944
0.754286
0.160000
0.160000
0.160000
0.160000
0.160000
0.160000
0.800000
0.294340
0.125786
0.125786
0.125786
0.125786
0.125786
0.125786
0.125786
0.232949
0.259740
0.259740
0.259740
0.152693
0.147059
0.147059
0.147059
0.147059
0.147059
0.172619
0.317460
0.317460
0.317460
0.057971
0.057971
0.057971
0.057971
0.057971
0.057971
0.057971
0.057971
0.057971
0.057971
0.057971
0.057971
0.057971
0.057971
0.057971
0.057971
0.057971
0.666667
0.484190
0.227273
0.227273
0.227273
0.217216
0.176991
0.176991
0.176991
0.176991
0.176991
0.132531
0.096154
0.096154
0.096154
0.096154
0.096154
0.096154
0.096154
0.096154
0.096154
0.175481
0.625000
0.515293
0.425532
0.417349
0.384615
0.384615
0.376068
0.370370
0.370370
0.102492
0.072727
0.072727
0.072727
0.072727
0.072727
0.072727
0.072727
0.072727
0.072727
0.072727
0.072727
0.072727
0.161818
0.666667
1.242508
0.061162
0.061162
0.061162
0.061162
0.061162
0.061162
0.061162
0.061162
0.061162
0.061162
0.061162
0.061162
0.061162
0.061162
0.061162
0.061162
0.073301
0.076336
0.076336
0.076336
0.076336
0.076336
0.076336
0.076336
0.076336
0.076336
0.076336
0.076336
0.076336
0.181992
0.227273
0.227273
0.227273
0.216783
0.192308
0.192308
0.192308
0.192308
0.223077
0.500000
0.458584
0.085837
0.085837
0.085837
0.085837
0.085837
0.085837
0.085837
0.085837
0.085837
0.085837
0.085837
0.116441
0.153846
0.153846
0.153846
0.153846
0.153846
0.153846
1.007692
0.121212
0.121212
0.121212
0.121212
0.121212
0.121212
0.121212
0.121212
0.110948
0.107527
0.107527
0.107527
0.107527
0.107527
0.107527
0.107527
0.107527
0.075684
0.036765
0.036765
0.036765
0.036765
0.036765
0.036765
0.036765
0.036765
0.036765
0.036765
0.036765
0.036765
0.036765
0.036765
0.036765
0.036765
0.036765
0.036765
0.036765
0.036765
0.036765
0.036765
0.036765
0.036765
0.036765
0.036765
0.080205
0.210526
0.210526
0.210526
0.210526
0.192982
0.175439
0.175439
0.175439
0.175439
0.175439
1.503838
0.552229
0.139860
0.139860
0.139860
0.139860
0.139860
0.139860
0.139860
0.327869
0.327869
0.327869
0.491393
0.500000
2.126010
0.202020
0.202020
0.202020
0.202020
1.202020
0.555556
1.397333
0.160000
0.160000
0.160000
0.160000
0.160000
0.153341
0.115607
0.115607
0.115607
0.115607
0.115607
0.115607
0.115607
0.115607
0.250111
0.384615
0.384615
0.600962
0.513449
0.253165
0.253165
0.253165
0.221009
0.161290
0.161290
0.161290
0.161290
0.161290
0.337097
1.120000
0.699868
0.132450
0.132450
0.132450
0.132450
0.132450
0.132450
0.132450
0.163072
0.183486
0.183486
0.183486
0.183486
0.178351
0.149254
0.149254
0.149254
0.149254
0.149254
0.149254
0.155260
0.162602
0.162602
0.162602
0.162602
0.162602
0.659276
0.717703
0.350877
0.350877
0.099145
0.071174
0.071174
0.071174
0.071174
0.071174
0.071174
0.071174
0.071174
0.071174
0.071174
0.071174
0.071174
0.071174
0.350676
0.400000
0.284055
0.068729
0.068729
0.068729
0.068729
0.068729
0.068729
0.068729
0.068729
0.068729
0.068729
0.068729
0.068729
0.068729
0.068729
0.149339
0.169492
0.169492
0.169492
0.169492
0.169492
0.102257
0.094787
0.094787
0.094787
0.094787
0.094787
0.094787
0.094787
0.094787
0.094787
0.087252
0.073260
0.073260
0.073260
0.073260
0.073260
0.073260
0.073260
0.073260
0.073260
0.073260
0.073260
0.073260
0.073260
0.421978
0.571429
0.094315
0.069204
0.069204
0.069204
0.069204
0.069204
0.069204
0.069204
0.069204
0.069204
0.069204
0.069204
0.069204
0.069204
0.590158
1.076023
0.663876
0.454545
0.285857
0.079681
0.079681
0.079681
0.079681
0.079681
0.079681
0.079681
0.079681
0.079681
0.079681
0.079681
0.079681
0.041488
0.037244
0.037244
0.037244
0.037244
0.037244
0.037244
0.037244
0.037244
0.037244
0.037244
0.037244
0.037244
0.037244
0.037244
0.037244
0.037244
0.037244
0.037244
0.037244
0.037244
0.037244
0.037244
0.037244
0.037244
0.037244
0.055382
0.400000
0.400000
0.337143
0.285714
0.285714
0.300000
0.571429
0.412712
0.042373
0.042373
0.042373
0.042373
0.042373
0.042373
0.042373
0.042373
0.042373
0.042373
0.042373
0.042373
0.042373
0.042373
0.042373
0.042373
0.042373
0.042373
0.042373
0.042373
0.042373
0.042373
0.042373
0.221667
0.298507
0.298507
0.544030
0.900000
0.714286
0.128397
0.097561
0.097561
0.097561
0.097561
0.097561
0.097561
0.097561
0.097561
0.097561
0.166523
0.196078
0.196078
0.196078
0.196078
0.108431
0.050000
0.050000
0.050000
0.050000
0.050000
0.050000
0.050000
0.050000
0.050000
0.050000
0.050000
0.050000
0.050000
0.050000
0.050000
0.050000
0.050000
0.050000
0.050000
0.164578
0.240964
0.240964
0.240964
1.165863
0.133333
0.133333
0.133333
0.133333
0.133333
0.133333
0.133333
0.223207
0.253165
0.253165
0.253165
0.422726
0.465116
0.213771
0.078431
0.078431
0.078431
0.078431
0.078431
0.078431
0.078431
0.078431
0.078431
0.078431
0.078431
0.078431
0.071900
0.071174
0.071174
0.071174
0.071174
0.071174
0.071174
0.071174
0.071174
0.071174
0.071174
0.071174
0.071174
0.071174
0.082105
0.084034
0.084034
0.084034
0.084034
0.084034
0.084034
0.084034
0.084034
0.084034
0.084034
0.084034
0.144942
0.148148
0.148148
0.148148
0.148148
0.148148
0.187484
0.344828
0.344828
0.260797
0.064725
0.064725
0.064725
0.064725
0.064725
0.064725
0.064725
0.064725
0.064725
0.064725
0.064725
0.064725
0.064725
0.064725
0.064725
0.145709
0.160000
0.160000
0.160000
0.160000
0.160000
0.201931
0.229885
0.229885
0.229885
0.185747
0.053333
0.053333
0.053333
0.053333
0.053333
0.053333
0.053333
0.053333
0.053333
0.053333
0.053333
0.053333
0.053333
0.053333
0.053333
0.053333
0.053333
0.053333
0.054215
0.055096
0.055096
0.055096
0.055096
0.055096
0.055096
0.055096
0.055096
0.055096
0.055096
0.055096
0.055096
0.055096
0.055096
0.055096
0.055096
0.055096
0.062736
0.076923
0.076923
0.076923
0.076923
0.076923
0.076923
0.076923
0.076923
0.076923
0.076923
0.076923
0.076923
0.116038
0.188679
0.188679
0.188679
0.188679
0.189449
0.204082
0.204082
0.204082
0.204082
0.191327
0.119048
0.119048
0.119048
0.119048
0.119048
0.119048
0.119048
0.119048
0.283999
0.338983
0.338983
0.226212
0.198020
0.198020
0.198020
0.198020
0.322232
0.363636
0.363636
1.110497
0.110497
0.110497
0.110497
0.110497
0.110497
0.110497
0.110497
0.110497
0.102464
0.102041
0.102041
0.102041
0.102041
0.102041
0.102041
0.102041
0.102041
0.094976
0.054945
0.054945
0.054945
0.054945
0.054945
0.054945
0.054945
0.054945
0.054945
0.054945
0.054945
0.054945
0.054945
0.054945
0.054945
0.054945
0.054945
0.054945
0.155973
0.161290
0.161290
0.161290
0.161290
0.161290
0.089024
0.064935
0.064935
0.064935
0.064935
0.064935
0.064935
0.064935
0.064935
0.064935
0.064935
0.064935
0.064935
0.064935
0.064935
0.081097
0.111111
0.111111
0.111111
0.111111
0.111111
0.111111
0.111111
0.111111
0.305556
0.666667
0.686207
0.479909
0.165289
0.165289
0.165289
0.165289
0.165289
0.138275
0.088106
0.088106
0.088106
0.088106
0.088106
0.088106
0.088106
0.088106
0.088106
0.088106
0.088106
0.869565
0.151422
0.024691
0.024691
0.024691
0.024691
0.024691
0.024691
0.024691
0.024691
0.024691
0.024691
0.024691
0.024691
0.024691
0.024691
0.024691
0.024691
0.024691
0.024691
0.024691
0.024691
0.024691
0.024691
0.024691
0.024691
0.024691
0.024691
0.024691
0.024691
0.024691
0.024691
0.024691
0.024691
0.024691
0.024691
0.024691
0.024691
0.024691
0.024691
0.024691
0.026513
0.029895
0.029895
0.029895
0.029895
0.029895
0.029895
0.029895
0.029895
0.029895
0.029895
0.029895
0.029895
0.029895
0.029895
0.029895
0.029895
0.029895
0.029895
0.029895
0.029895
0.029895
0.029895
0.029895
0.029895
0.029895
0.029895
0.029895
0.029895
0.029895
0.029895
0.029895
0.029895
0.029895
1.086323
0.238095
0.238095
0.238095
1.207729
0.106952
0.106952
0.106952
0.106952
0.106952
0.106952
0.106952
0.106952
0.106952
0.059645
0.039370
0.039370
0.039370
0.039370
0.039370
0.039370
0.039370
0.039370
0.039370
0.039370
0.039370
0.039370
0.039370
0.039370
0.039370
0.039370
0.039370
0.039370
0.039370
0.039370
0.039370
0.039370
0.039370
