1244224211
none
15.000000
19.000000
12.666667
13.708333
9.625000
9.000000
6.666667
4.666667
4.041667
7.339286
7.952381
7.102564
115.230769
247.000000
166.000000
174.000000
150.000000
140.000000
174.000000
162.000000
108.000000
109.000000
104.000000
91.000000
116.000000
128.000000
112.000000
117.000000
123.000000
103.000000
94.000000
105.000000
96.000000
85.000000
81.000000
65.000000
85.000000
61.000000
73.000000
59.000000
52.000000
58.000000
57.000000
44.000000
51.000000
45.000000
37.000000
28.000000
36.000000
38.000000
38.000000
32.000000
43.500000
35.000000
39.500000
19.750000
19.750000
24.500000
19.500000
26.500000
32.000000
22.000000
19.000000
23.000000
28.000000
29.500000
19.500000
26.666667
19.333333
24.500000
26.500000
22.000000
27.000000
25.000000
30.000000
15.000000
25.000000
29.125000
7.541667
17.333333
16.000000
17.000000
12.000000
11.500000
19.500000
5.166667
7.500000
6.933333
9.900000
7.833333
3.600000
10.066667
7.000000
8.000000
2.714286
8.285714
5.250000
8.750000
6.857143
3.684524
5.458333
7.500000
2.911765
4.188235
1.844444
3.305556
5.361111
3.111111
5.634921
5.142857
1.666667
5.333333
5.285714
1.483516
1.080769
2.450000
2.128571
1.238095
6.333333
4.285714
4.285714
1.857143
2.071429
1.357143
2.142857
3.000000
1.875000
2.325000
2.431579
2.368421
2.473684
3.097744
3.116071
2.579167
0.666667
3.266667
2.550000
1.250000
4.333333
2.166667
3.625000
3.475000
4.900000
6.611111
4.638889
4.805556
6.777778
2.974359
5.892308
5.800000
6.333333
5.238095
3.428571
8.600000
8.733333
4.116667
1.300000
5.250000
6.000000
0.952381
5.630952
5.250000
9.452381
2.285714
2.428571
6.666667
10.333333
6.714286
5.035714
4.250000
3.200000
5.400000
5.150000
5.850000
3.066667
2.833333
1.944444
4.094017
4.594872
1.333333
5.658333
5.625000
1.750000
4.562500
2.337500
5.725000
0.625000
1.375000
3.875000
1.210526
0.526316
2.736842
1.435407
2.181818
1.409091
1.759259
0.740741
2.176471
1.423529
4.622222
2.920635
2.915966
2.084034
8.357143
9.750000
6.950000
5.100000
3.900000
5.400000
3.000000
8.525000
3.708333
6.166667
5.222222
1.500000
2.177778
3.433333
2.666667
2.666667
2.520833
3.256944
3.555556
6.615385
2.384615
8.333333
7.666667
5.111111
2.603175
4.285714
1.368421
2.131579
6.000000
3.400000
6.100000
4.307692
1.538462
2.582418
2.571429
7.136364
2.113636
6.750000
4.333333
4.238095
6.519481
2.575758
0.885057
1.148276
3.133333
1.752874
1.959248
3.597403
3.268908
1.143791
1.150327
1.975936
2.734848
1.348039
2.278772
0.217391
0.217391
0.217391
0.217391
0.886957
1.462295
0.327869
0.327869
0.408054
0.434783
0.839130
1.921739
1.978261
2.500000
4.833333
2.166667
1.600000
1.100000
2.900000
4.150000
0.825758
2.049242
2.263889
1.369176
0.645161
1.496774
2.327273
2.794466
3.692547
2.252381
1.283333
4.416667
4.583333
1.916667
5.466667
1.914286
0.952381
6.666667
2.122807
3.210526
7.000000
3.000000
4.400000
3.600000
2.000000
1.437500
4.062500
5.055556
4.819444
3.250000
1.836538
1.138462
0.790244
0.487805
0.955285
2.166667
3.250000
3.000000
2.392857
1.857143
3.500000
6.045455
0.909091
1.607955
1.993056
0.944444
1.611111
0.740741
1.089325
1.868347
1.079365
0.803419
1.427692
0.400000
0.400000
0.672593
1.657407
2.840909
0.909091
0.909091
0.733766
0.561224
0.408163
0.450255
2.075431
0.689655
0.922414
1.656250
0.704861
1.688889
0.939130
0.869565
1.124638
2.266667
1.500000
3.833333
2.333333
0.853333
1.646667
3.166667
1.820513
1.065666
0.487805
0.612683
0.805000
0.833333
0.801667
4.440000
1.600000
1.666667
1.766667
0.666667
1.231579
0.526316
0.880567
1.825175
1.636364
0.317460
0.317460
0.317460
1.190476
3.321429
0.829832
2.021672
0.964211
1.386667
1.609195
0.689655
5.159483
3.000000
1.060714
0.285714
0.285714
0.442857
2.657143
0.595238
0.476190
1.490783
0.747312
2.976190
0.912698
0.555556
0.462963
0.246914
0.246914
0.246914
0.283224
0.392157
0.392157
0.443228
0.465116
1.259935
0.126582
0.126582
0.126582
0.126582
0.126582
0.126582
0.126582
0.563291
0.976190
0.690476
0.370370
0.370370
0.744767
1.347826
1.761905
0.919913
0.909091
1.594276
0.740741
2.619529
2.803383
0.465116
0.416816
0.384615
0.384615
1.296296
1.703704
1.192308
0.769231
2.788462
1.750000
1.055556
1.194444
0.865385
0.741758
0.719780
0.769231
1.436455
0.434783
2.115942
5.833333
1.500000
1.022013
0.377358
0.377358
1.710450
1.033654
1.194853
2.117647
2.133333
0.666667
2.200000
2.058824
0.588235
1.410084
0.571429
1.149206
2.436508
1.160714
1.339286
1.619048
0.804598
0.689655
1.607196
0.607134
0.119760
0.119760
0.119760
0.119760
0.119760
0.119760
0.119760
0.119760
0.160000
0.160000
0.160000
0.160000
0.160000
0.160000
0.424615
0.512821
1.738928
1.547847
0.526316
0.622807
1.666667
1.952381
3.061905
0.285714
0.285714
0.285714
3.481513
2.313725
2.280702
0.646382
0.774671
0.939271
1.744939
0.526316
1.504386
1.291667
1.180556
1.385621
4.165966
0.714286
3.282020
0.689655
0.345510
0.198020
0.198020
0.198020
0.198020
0.430418
0.555556
1.283333
0.285714
0.285714
0.252814
0.121212
0.121212
0.121212
0.121212
0.121212
0.121212
0.121212
0.121212
1.541775
0.480718
0.046948
0.046948
0.046948
0.046948
0.046948
0.046948
0.046948
0.046948
0.046948
0.046948
0.046948
0.046948
0.046948
0.046948
0.046948
0.046948
0.046948
0.046948
0.046948
0.046948
0.055965
0.227273
0.227273
0.227273
0.227273
0.801768
0.577778
0.400000
0.347619
0.190476
0.190476
0.190476
0.190476
0.190476
0.333333
0.333333
0.333333
1.197183
0.281690
0.281690
0.839437
1.042857
0.601045
0.487805
0.347240
0.175439
0.175439
0.175439
0.175439
0.175439
1.162504
0.338983
0.338983
1.228081
0.246914
0.246914
0.246914
0.243115
0.170940
0.170940
0.170940
0.170940
0.170940
0.231990
0.476190
0.440476
0.119048
0.119048
0.119048
0.119048
0.119048
0.119048
0.119048
0.119048
0.404135
0.526316
0.175132
0.087336
0.087336
0.087336
0.087336
0.087336
0.087336
0.087336
0.087336
0.087336
0.087336
0.164461
0.307692
0.307692
0.419780
1.881733
0.163934
0.163934
0.163934
0.163934
0.163934
0.167101
0.227273
0.227273
0.227273
0.227273
0.621212
0.932018
0.671243
0.289855
0.289855
0.330918
0.982906
0.256410
0.256410
0.256410
0.262730
0.281690
0.281690
0.281690
0.644507
0.773333
0.848485
1.505682
1.350000
0.250000
0.250000
0.250000
0.243750
0.208333
0.208333
0.208333
0.208333
0.361223
0.645161
0.319508
0.238095
0.238095
0.238095
1.465608
0.642963
0.088889
0.088889
0.088889
0.088889
0.088889
0.088889
0.088889
0.088889
0.088889
0.088889
0.088889
1.036667
0.555556
1.250000
0.725490
0.519301
0.312500
0.312500
0.330208
0.666667
0.471875
0.312500
0.312500
0.221842
0.053476
0.053476
0.053476
0.053476
0.053476
0.053476
0.053476
0.053476
0.053476
0.053476
0.053476
0.053476
0.053476
0.053476
0.053476
0.053476
0.053476
0.053476
0.137983
0.183486
0.183486
0.183486
0.183486
0.196789
0.250000
0.250000
0.250000
0.223810
0.119048
0.119048
0.119048
0.119048
0.119048
0.119048
0.119048
0.119048
0.595238
0.507003
0.196078
0.196078
0.196078
0.196078
0.172343
0.116959
0.116959
0.116959
0.116959
0.116959
0.116959
0.116959
0.116959
0.136383
0.142857
0.142857
0.142857
0.142857
0.142857
0.142857
0.285714
0.333333
0.333333
1.129965
0.103627
0.103627
0.103627
0.103627
0.103627
0.103627
0.103627
0.103627
0.103627
0.111121
0.112994
0.112994
0.112994
0.112994
0.112994
0.112994
0.112994
0.112994
0.077619
0.075758
0.075758
0.075758
0.075758
0.075758
0.075758
0.075758
0.075758
0.075758
0.075758
0.075758
0.075758
0.122388
0.137931
0.137931
0.137931
0.137931
0.137931
0.137931
2.211823
0.714286
0.456583
0.392157
0.342661
0.194175
0.194175
0.194175
0.194175
0.196735
0.219780
0.219780
0.219780
0.219780
0.442651
0.625000
0.559028
0.510197
0.253165
0.253165
0.253165
0.243348
0.204082
0.204082
0.204082
0.204082
0.170895
0.093458
0.093458
0.093458
0.093458
0.093458
0.093458
0.093458
0.093458
0.093458
0.093458
0.424480
0.615769
0.057307
0.057307
0.057307
0.057307
0.057307
0.057307
0.057307
0.057307
0.057307
0.057307
0.057307
0.057307
0.057307
0.057307
0.057307
0.057307
0.057307
0.315606
0.487805
0.288262
0.125000
0.125000
0.125000
0.125000
0.125000
0.125000
0.125000
1.099493
0.108108
0.108108
0.108108
0.108108
0.108108
0.108108
0.108108
0.108108
0.199035
0.714286
0.968045
0.284945
0.093023
0.093023
0.093023
0.093023
0.093023
0.093023
0.093023
0.093023
0.093023
0.094908
0.130719
0.130719
0.130719
0.130719
0.130719
0.130719
0.130719
0.117647
0.098039
0.098039
0.098039
0.098039
0.098039
0.098039
0.098039
0.098039
0.098039
0.089573
0.055710
0.055710
0.055710
0.055710
0.055710
0.055710
0.055710
0.055710
0.055710
0.055710
0.055710
0.055710
0.055710
0.055710
0.055710
0.055710
0.055710
0.073033
0.125000
0.125000
0.125000
0.125000
0.125000
0.125000
0.125000
0.406250
1.883152
0.434783
0.546036
1.123529
0.930769
0.769231
1.285714
0.714286
0.232558
0.232558
0.232558
0.232558
0.193661
0.176991
0.176991
0.176991
0.176991
0.184271
0.322581
0.322581
0.322581
0.591887
0.489460
0.217391
0.217391
0.217391
0.217391
0.339727
0.392157
1.083333
0.458791
0.219780
0.219780
0.219780
1.140367
0.056657
0.056657
0.056657
0.056657
0.056657
0.056657
0.056657
0.056657
0.056657
0.056657
0.056657
0.056657
0.056657
0.056657
0.056657
0.056657
0.056657
0.189619
0.322581
0.322581
0.237264
0.109290
0.109290
0.109290
0.109290
0.109290
0.109290
0.109290
0.109290
0.186134
0.416667
0.416667
1.006944
0.172840
0.123457
0.123457
0.123457
0.123457
0.123457
0.123457
0.123457
0.050715
0.037879
0.037879
0.037879
0.037879
0.037879
0.037879
0.037879
0.037879
0.037879
0.037879
0.037879
0.037879
0.037879
0.037879
0.037879
0.037879
0.037879
0.037879
0.037879
0.037879
0.037879
0.037879
0.037879
0.037879
0.037879
0.083333
0.138889
0.138889
0.138889
0.138889
0.138889
0.138889
1.105686
0.030395
0.030395
0.030395
0.030395
0.030395
0.030395
0.030395
0.030395
0.030395
0.030395
0.030395
0.030395
0.030395
0.030395
0.030395
0.030395
0.030395
0.030395
0.030395
0.030395
0.030395
0.030395
0.030395
0.030395
0.030395
0.030395
0.030395
0.030395
0.030395
0.030395
0.030395
0.030395
0.040987
0.101010
0.101010
0.101010
0.101010
0.101010
0.101010
0.101010
0.101010
0.101010
0.146180
0.281690
0.281690
0.281690
0.116110
0.045147
0.045147
0.045147
0.045147
0.045147
0.045147
0.045147
0.045147
0.045147
0.045147
0.045147
0.045147
0.045147
0.045147
0.045147
0.045147
0.045147
0.045147
0.045147
0.045147
0.045147
0.130316
0.200000
0.200000
0.200000
0.200000
0.115346
0.046083
0.046083
0.046083
0.046083
0.046083
0.046083
0.046083
0.046083
0.046083
0.046083
0.046083
0.046083
0.046083
0.046083
0.046083
0.046083
0.046083
0.046083
0.046083
0.046083
0.046083
0.141833
0.158730
0.158730
0.158730
0.158730
0.158730
0.333333
0.476190
0.526611
0.588235
1.147059
1.200000
0.266667
0.266667
0.266667
0.100503
0.100503
0.100503
0.100503
0.100503
0.100503
0.100503
0.100503
0.100503
0.101395
0.118343
0.118343
0.118343
0.118343
0.118343
0.118343
0.118343
0.118343
0.106743
0.099010
0.099010
0.099010
0.099010
0.099010
0.099010
0.099010
0.099010
0.099010
0.221919
0.344828
0.344828
0.659670
0.715103
0.526316
0.350244
0.206186
0.206186
0.206186
0.206186
0.094338
0.046404
0.046404
0.046404
0.046404
0.046404
0.046404
0.046404
0.046404
0.046404
0.046404
0.046404
0.046404
0.046404
0.046404
0.046404
0.046404
0.046404
0.046404
0.046404
0.046404
0.077418
0.253165
0.253165
0.253165
0.258870
0.281690
0.281690
0.281690
0.217858
0.183486
0.183486
0.183486
0.183486
0.218218
0.357143
0.357143
0.263066
0.121951
0.121951
0.121951
0.121951
0.121951
0.121951
0.121951
0.264228
0.833333
0.800000
0.323967
0.165289
0.165289
0.165289
0.165289
0.165289
0.180428
0.186916
0.186916
0.186916
0.186916
0.184558
0.180180
0.180180
0.180180
0.180180
0.180180
0.278460
0.303030
0.303030
0.474096
0.645161
0.320137
0.303030
0.303030
0.138806
0.050378
0.050378
0.050378
0.050378
0.050378
0.050378
0.050378
0.050378
0.050378
0.050378
0.050378
0.050378
0.050378
0.050378
0.050378
0.050378
0.050378
0.050378
0.050378
0.241960
0.289855
0.289855
0.225839
0.106952
0.106952
0.106952
0.106952
0.106952
0.106952
0.106952
0.106952
0.106952
0.500000
0.500000
0.800000
0.292025
0.122699
0.122699
0.122699
0.122699
0.122699
0.122699
0.122699
0.174080
0.208333
0.208333
0.208333
0.208333
0.462719
0.526316
0.192166
0.155039
0.155039
0.155039
0.155039
0.155039
0.460271
0.666667
0.166667
0.166667
0.166667
0.166667
0.166667
0.152027
0.108108
0.108108
0.108108
0.108108
0.108108
0.108108
0.108108
0.108108
0.108108
0.138889
0.138889
0.138889
0.138889
0.138889
0.138889
0.138889
0.827778
0.264000
0.080000
0.080000
0.080000
0.080000
0.080000
0.080000
0.080000
0.080000
0.080000
0.080000
0.080000
0.106000
0.166667
0.166667
0.166667
0.166667
0.166667
0.128548
0.039604
0.039604
0.039604
0.039604
0.039604
0.039604
0.039604
0.039604
0.039604
0.039604
0.039604
0.039604
0.039604
0.039604
0.039604
0.039604
0.039604
0.039604
0.039604
0.039604
0.039604
0.039604
0.039604
0.039604
0.076085
0.769231
0.323887
0.175439
0.175439
0.175439
0.175439
0.202381
0.714286
0.428082
0.273973
0.273973
0.273973
0.065574
0.065574
0.065574
0.065574
0.065574
0.065574
0.065574
0.065574
0.065574
0.065574
0.065574
0.065574
0.065574
0.065574
0.065574
0.057044
0.054201
0.054201
0.054201
0.054201
0.054201
0.054201
0.054201
0.054201
0.054201
0.054201
0.054201
0.054201
0.054201
0.054201
0.054201
0.054201
0.054201
0.225440
0.625000
0.887500
0.444330
0.206186
0.206186
0.206186
0.206186
0.257595
0.266667
0.266667
0.252500
0.125000
0.125000
0.125000
0.125000
0.125000
0.125000
0.125000
0.445833
0.829932
0.204082
0.204082
0.204082
0.204082
0.141214
0.134228
0.134228
0.134228
0.134228
0.134228
0.134228
0.214451
0.312500
0.312500
0.323661
0.357143
0.357143
1.207298
0.043478
0.043478
0.043478
0.043478
0.043478
0.043478
0.043478
0.043478
0.043478
0.043478
0.043478
0.043478
0.043478
0.043478
0.043478
0.043478
0.043478
0.043478
0.043478
0.043478
0.043478
0.043478
0.345109
1.505682
0.290252
0.120482
0.120482
0.120482
0.120482
0.120482
0.120482
0.120482
0.363982
0.526316
0.609508
0.762673
1.177019
0.665299
0.188679
0.188679
0.188679
0.188679
0.188679
0.118343
0.118343
0.118343
0.118343
0.118343
0.118343
0.118343
0.118343
1.063254
0.066667
0.066667
0.066667
0.066667
0.066667
0.066667
0.066667
0.066667
0.066667
0.066667
0.066667
0.066667
0.066667
0.066667
0.064841
0.054496
0.054496
0.054496
0.054496
0.054496
0.054496
0.054496
0.054496
0.054496
0.054496
0.054496
0.054496
0.054496
0.054496
0.054496
0.054496
0.054496
0.054496
0.100787
0.112360
0.112360
0.112360
0.112360
0.112360
0.112360
0.112360
0.112360
0.082665
0.079365
0.079365
0.079365
0.079365
0.079365
0.079365
0.079365
0.079365
0.079365
0.079365
0.079365
0.086806
0.104167
0.104167
0.104167
0.104167
0.104167
0.104167
0.104167
0.104167
0.104167
0.070466
0.056022
0.056022
0.056022
0.056022
0.056022
0.056022
0.056022
0.056022
0.056022
0.056022
0.056022
0.056022
0.056022
0.056022
0.056022
0.056022
0.056022
0.287092
0.327869
0.327869
0.265574
0.250000
0.250000
0.250000
0.183333
0.166667
0.166667
0.166667
0.166667
0.166667
0.875439
0.276776
0.139860
0.139860
0.139860
0.139860
0.139860
0.139860
0.106773
0.092593
0.092593
0.092593
0.092593
0.092593
0.092593
0.092593
0.092593
0.092593
0.092593
0.252503
0.270270
0.270270
0.255051
0.194175
0.194175
0.194175
0.194175
0.198551
0.281690
0.281690
0.281690
0.261327
0.240964
0.240964
0.240964
0.207351
0.144928
0.144928
0.144928
0.144928
0.144928
0.144928
0.117846
0.084746
0.084746
0.084746
0.084746
0.084746
0.084746
0.084746
0.084746
0.084746
0.084746
0.084746
0.794367
0.344138
0.136054
0.136054
0.136054
0.136054
0.136054
0.136054
1.096289
0.085837
0.085837
0.085837
0.085837
0.085837
0.085837
0.085837
0.085837
0.085837
0.085837
0.085837
0.111754
0.129032
0.129032
0.129032
0.129032
0.129032
0.129032
0.129032
0.065054
0.053763
0.053763
0.053763
0.053763
0.053763
0.053763
0.053763
0.053763
0.053763
0.053763
0.053763
0.053763
0.053763
0.053763
0.053763
0.053763
0.053763
0.078201
0.151515
0.151515
0.151515
0.151515
0.151515
0.151515
0.079135
0.040161
0.040161
0.040161
0.040161
0.040161
0.040161
0.040161
0.040161
0.040161
0.040161
0.040161
0.040161
0.040161
0.040161
0.040161
0.040161
0.040161
0.040161
0.040161
0.040161
0.040161
0.040161
0.040161
0.040161
0.464586
0.588933
0.434783
0.434783
0.135737
0.060976
0.060976
0.060976
0.060976
0.060976
0.060976
0.060976
0.060976
0.060976
0.060976
0.060976
0.060976
0.060976
0.060976
0.060976
0.072460
0.089686
0.089686
0.089686
0.089686
0.089686
0.089686
0.089686
0.089686
0.089686
0.089686
0.087345
0.080321
0.080321
0.080321
0.080321
0.080321
0.080321
0.080321
0.080321
0.080321
0.080321
0.080321
0.080321
0.114224
0.122699
0.122699
0.122699
0.122699
0.122699
0.122699
0.122699
0.727155
0.601504
0.408163
0.425170
0.476190
0.430186
0.169492
0.169492
0.169492
0.169492
0.169492
0.255324
0.512821
0.414530
0.185185
0.185185
0.185185
0.185185
0.185185
0.364672
0.384615
0.292946
0.079051
0.079051
0.079051
0.079051
0.079051
0.079051
0.079051
0.079051
0.079051
0.079051
0.079051
0.079051
0.080947
0.081967
0.081967
0.081967
0.081967
0.081967
0.081967
0.081967
0.081967
0.081967
0.081967
0.081967
0.355427
0.689655
0.026810
0.026810
0.026810
0.026810
0.026810
0.026810
0.026810
0.026810
0.026810
0.026810
0.026810
0.026810
0.026810
0.026810
0.026810
0.026810
0.026810
0.026810
0.026810
0.026810
0.026810
0.026810
0.026810
0.026810
0.026810
0.026810
0.026810
0.026810
0.026810
0.026810
0.026810
0.026810
0.026810
0.026810
0.026810
0.026810
0.026810
0.272194
0.377358
0.361143
0.053050
0.053050
0.053050
0.053050
0.053050
0.053050
0.053050
0.053050
0.053050
0.053050
0.053050
0.053050
0.053050
0.053050
0.053050
0.053050
0.053050
0.053050
1.050419
0.053191
0.053191
0.053191
0.053191
0.053191
0.053191
0.053191
0.053191
0.053191
0.053191
0.053191
0.053191
0.053191
0.053191
0.053191
0.053191
0.053191
0.053191
0.051241
0.047619
0.047619
0.047619
0.047619
0.047619
0.047619
0.047619
0.047619
0.047619
0.047619
0.047619
0.047619
0.047619
0.047619
0.047619
0.047619
0.047619
0.047619
0.047619
0.047619
0.081312
0.143885
0.143885
0.143885
0.143885
0.143885
0.143885
0.097305
0.027435
0.027435
0.027435
0.027435
0.027435
0.027435
0.027435
0.027435
0.027435
0.027435
0.027435
0.027435
0.027435
0.027435
0.027435
0.027435
0.027435
0.027435
0.027435
0.027435
0.027435
0.027435
0.027435
0.027435
0.027435
0.027435
0.027435
0.027435
0.027435
0.027435
0.027435
0.027435
0.027435
0.027435
0.027435
0.027435
0.032519
0.032787
0.032787
0.032787
0.032787
0.032787
0.032787
0.032787
0.032787
0.032787
0.032787
0.032787
0.032787
0.032787
0.032787
0.032787
0.032787
0.032787
0.032787
0.032787
0.032787
0.032787
0.032787
0.032787
0.032787
0.032787
0.032787
0.032787
0.032787
0.032787
0.068880
0.112994
0.112994
0.112994
0.112994
0.112994
0.112994
0.112994
0.112994
0.138948
0.156250
0.156250
0.156250
0.156250
0.156250
0.128666
0.018332
0.018332
0.018332
0.018332
0.018332
0.018332
0.018332
0.018332
0.018332
0.018332
0.018332
0.018332
0.018332
0.018332
0.018332
0.018332
0.018332
0.018332
0.018332
0.018332
0.018332
0.018332
0.018332
0.018332
0.018332
0.018332
0.018332
0.018332
0.018332
0.018332
0.018332
0.018332
0.018332
0.018332
0.018332
0.018332
0.018332
0.018332
0.018332
0.018332
0.018332
0.018332
0.018332
0.018332
0.018332
0.018332
0.018332
0.018332
0.018332
0.018332
0.018332
0.018332
0.018332
