1244078748
none
0.162602
0.162602
0.162602
0.162602
0.162602
0.162602
0.051036
0.031348
0.031348
0.031348
0.031348
0.031348
0.031348
0.031348
0.031348
0.031348
0.031348
0.031348
0.031348
0.031348
0.031348
0.031348
0.031348
0.031348
0.031348
0.031348
0.031348
0.031348
0.031348
0.031348
0.031348
0.031348
0.031348
0.031348
0.031348
0.031348
0.031348
0.031348
1.209115
0.377358
0.377358
1.382563
0.988506
1.666667
4.600000
3.172727
3.655844
1.571429
10.400000
2.528571
2.154762
3.083333
2.277778
4.055556
4.973684
2.617225
2.409091
45.500000
401.000000
273.000000
285.000000
203.000000
205.000000
202.000000
188.000000
194.000000
166.000000
139.000000
130.000000
134.000000
127.000000
98.000000
112.000000
117.000000
67.000000
97.000000
102.000000
72.000000
91.000000
82.000000
71.000000
76.000000
70.000000
86.000000
77.000000
86.000000
65.000000
60.000000
59.000000
54.000000
52.000000
30.000000
35.666667
27.333333
24.500000
23.000000
22.500000
33.500000
35.500000
24.000000
14.000000
9.500000
14.500000
13.333333
9.666667
20.000000
12.500000
28.500000
33.000000
22.000000
27.000000
26.500000
30.500000
21.500000
29.500000
20.000000
23.500000
25.500000
15.000000
29.000000
18.333333
16.666667
16.000000
14.500000
15.500000
21.000000
22.500000
14.000000
18.500000
19.500000
3.346154
2.653846
7.214286
3.285714
5.800000
5.200000
10.800000
10.300000
3.900000
9.285714
2.714286
4.857143
4.892857
7.535714
7.214286
3.800000
5.881818
4.818182
3.800000
8.366667
7.833333
7.250000
2.416667
4.333333
5.428571
5.571429
2.500000
2.785714
6.714286
2.300000
3.450000
4.450000
2.000000
2.533333
5.600000
3.041667
2.196429
1.467033
0.769231
1.346154
0.769231
1.951923
0.988636
2.283422
0.588235
1.378992
0.571429
0.689286
0.863095
1.428571
1.883333
0.764286
0.571429
1.114286
3.142857
2.857143
4.333333
3.666667
6.000000
8.750000
4.916667
6.833333
3.000000
4.318182
3.896104
3.901099
5.384615
3.200000
7.633333
5.041667
3.791667
2.033333
1.194737
2.362406
0.571429
3.671429
5.136364
1.863636
3.625000
2.190789
1.684211
6.833333
3.320513
0.769231
2.695971
2.380952
1.400000
4.933333
3.333333
8.133333
3.333333
3.200000
2.137255
1.862745
2.666667
3.266667
0.666667
1.975758
0.916996
2.173913
1.533333
0.895238
1.671429
0.968966
0.689655
0.592731
0.540541
2.174775
0.666667
1.123810
1.042857
3.433333
1.259259
1.007407
0.562791
0.232558
0.232558
0.232558
0.406202
0.666667
1.666667
0.742857
0.571429
3.285714
4.100000
1.245455
1.336898
0.450980
0.370370
1.343915
0.952381
0.357143
0.357143
0.423645
0.689655
0.922414
1.083333
3.238095
1.928571
5.750000
2.308824
1.941176
4.000000
0.952381
3.797619
1.625000
3.839286
1.096059
0.689655
4.142857
1.493506
2.363636
2.571429
4.883117
2.645455
1.587500
2.312500
1.666667
3.606061
2.127273
5.600000
2.500000
2.312500
3.254167
1.933333
3.384615
2.365385
2.583333
2.966667
2.766667
2.433333
1.850000
1.738889
0.444444
0.444444
3.176068
1.319838
0.812030
0.571429
2.167367
0.098039
0.098039
0.098039
0.098039
0.098039
0.098039
0.098039
0.098039
0.098039
0.343137
1.787037
0.740741
1.793651
3.206349
3.622222
2.984615
1.802885
0.996711
0.526316
1.389474
1.633333
3.539394
2.082111
0.645161
1.842105
0.572529
0.487805
1.227996
0.869565
1.937500
1.562500
0.806122
0.408163
0.425249
0.465116
0.695349
2.082353
0.588235
3.696078
2.060606
1.167464
1.256778
0.606061
1.431613
0.540541
1.962578
1.489510
0.606061
0.618371
0.660417
2.076190
0.714286
4.542857
3.781818
2.818182
4.000000
0.555556
0.694444
0.955128
0.512821
0.507051
0.500000
1.627941
2.068111
0.843653
0.588235
1.302903
0.259740
0.259740
0.259740
0.314935
0.333333
0.333333
0.619048
1.339286
1.391667
0.666667
0.434014
0.408163
0.698174
0.942982
1.823333
0.791250
0.625000
1.438988
0.476190
1.428571
2.275862
0.689655
0.647386
2.720430
1.146667
1.662857
2.232143
2.815476
1.409524
2.828571
3.571429
2.375000
3.291667
7.083333
3.916667
1.819048
1.566917
1.447368
2.078947
4.421053
1.243243
0.540541
2.245628
0.588235
2.215686
1.116667
1.341667
1.851190
1.327731
2.620321
1.742424
0.809524
2.664835
1.271255
0.721053
0.500000
0.500000
0.500000
0.533333
0.555556
0.474747
0.454545
0.524675
0.571429
1.419048
1.757576
0.227273
0.227273
0.227273
0.227273
1.666667
1.630631
0.540541
0.348829
0.266667
0.266667
0.266667
0.589091
1.281385
0.351648
0.219780
0.219780
0.219780
1.131868
0.106952
0.106952
0.106952
0.106952
0.106952
0.106952
0.106952
0.106952
0.106952
0.362433
0.500000
0.794048
1.580952
2.550000
1.041667
1.330285
0.487805
1.548139
1.842105
1.333333
2.893939
0.879870
0.714286
1.011905
1.595238
0.971429
0.920000
2.930000
3.350000
2.066667
0.587065
0.298507
0.298507
1.586754
1.295833
1.409524
0.408163
0.408163
1.151927
0.444444
0.444444
0.571429
1.261905
1.541667
2.306818
1.318182
2.260870
2.239130
2.672414
0.689655
2.075431
1.012500
1.270339
0.338983
0.338983
0.838537
1.300392
0.106383
0.106383
0.106383
0.106383
0.106383
0.106383
0.106383
0.106383
0.106383
1.614015
0.625347
0.425532
0.488574
0.740741
1.125296
0.141844
0.141844
0.141844
0.141844
0.141844
0.141844
0.162530
0.555556
0.750000
1.037037
0.663721
0.227273
0.227273
0.227273
0.227273
0.556818
1.500000
1.011050
0.110497
0.110497
0.110497
0.110497
0.110497
0.110497
0.110497
0.110497
0.271639
1.715686
0.517647
0.444444
0.206139
0.077821
0.077821
0.077821
0.077821
0.077821
0.077821
0.077821
0.077821
0.077821
0.077821
0.077821
0.077821
0.226091
0.263158
0.263158
0.263158
0.350877
0.350877
0.441103
0.904762
0.476190
0.476190
1.011561
0.115607
0.115607
0.115607
0.115607
0.115607
0.115607
0.115607
0.115607
0.123986
0.134228
0.134228
0.134228
0.134228
0.134228
0.134228
0.134228
0.070922
0.070922
0.070922
0.070922
0.070922
0.070922
0.070922
0.070922
0.070922
0.070922
0.070922
0.070922
0.070922
0.070922
1.284870
0.370370
0.358063
0.124224
0.124224
0.124224
0.124224
0.124224
0.124224
0.124224
0.124224
1.173333
0.266667
0.266667
0.266667
0.160000
0.148148
0.148148
0.148148
0.148148
0.148148
0.157841
0.212766
0.212766
0.212766
0.212766
0.129300
0.027285
0.027285
0.027285
0.027285
0.027285
0.027285
0.027285
0.027285
0.027285
0.027285
0.027285
0.027285
0.027285
0.027285
0.027285
0.027285
0.027285
0.027285
0.027285
0.027285
0.027285
0.027285
0.027285
0.027285
0.027285
0.027285
0.027285
0.027285
0.027285
0.027285
0.027285
0.027285
0.027285
0.027285
0.027285
0.027285
0.189365
0.229885
0.229885
0.229885
0.152151
0.057143
0.057143
0.057143
0.057143
0.057143
0.057143
0.057143
0.057143
0.057143
0.057143
0.057143
0.057143
0.057143
0.057143
0.057143
0.057143
0.057143
1.536190
1.216667
0.602941
0.392157
0.400735
0.416667
0.416667
1.024983
0.082988
0.082988
0.082988
0.082988
0.082988
0.082988
0.082988
0.082988
0.082988
0.082988
0.082988
0.082988
0.952381
0.130952
0.087719
0.087719
0.087719
0.087719
0.087719
0.087719
0.087719
0.087719
0.087719
0.087719
0.103801
0.116959
0.116959
0.116959
0.116959
0.116959
0.116959
0.116959
0.116959
0.144928
0.144928
0.144928
0.144928
0.144928
0.144928
0.416149
0.780365
0.088106
0.088106
0.088106
0.088106
0.088106
0.088106
0.088106
0.088106
0.088106
0.088106
0.234682
0.454545
0.545455
0.856643
0.384615
0.384615
0.470085
0.555556
0.292793
0.180180
0.180180
0.180180
0.180180
0.198608
0.303030
0.303030
0.303030
1.105455
0.200000
0.200000
0.200000
0.200000
0.190000
0.166667
0.166667
0.166667
0.166667
0.166667
0.516667
2.236364
1.090909
0.363050
0.129032
0.129032
0.129032
0.129032
0.129032
0.129032
0.129032
0.069366
0.066225
0.066225
0.066225
0.066225
0.066225
0.066225
0.066225
0.066225
0.066225
0.066225
0.066225
0.066225
0.066225
0.066225
0.558321
0.474427
0.076046
0.076046
0.076046
0.076046
0.076046
0.076046
0.076046
0.076046
0.076046
0.076046
0.076046
0.076046
0.337366
0.891656
0.273973
0.273973
0.273973
0.281304
0.281690
0.281690
0.233014
0.160000
0.160000
0.160000
0.160000
0.160000
0.564571
0.715573
0.180180
0.180180
0.180180
0.180180
0.181431
0.185185
0.185185
0.185185
0.185185
0.185185
0.245726
0.256410
0.256410
0.256410
0.371311
0.377358
0.362512
0.327869
0.327869
0.287918
0.168067
0.168067
0.168067
0.168067
0.168067
0.168929
0.170940
0.170940
0.170940
0.170940
0.170940
1.105317
0.112994
0.112994
0.112994
0.112994
0.112994
0.112994
0.112994
0.112994
0.101581
0.067340
0.067340
0.067340
0.067340
0.067340
0.067340
0.067340
0.067340
0.067340
0.067340
0.067340
0.067340
0.067340
0.067340
0.140404
0.250000
0.250000
0.250000
0.236022
0.215054
0.215054
0.215054
0.215054
0.180882
0.169492
0.169492
0.169492
0.169492
0.169492
1.177805
0.190476
0.190476
0.190476
0.190476
0.282143
0.357143
0.357143
0.139621
0.067114
0.067114
0.067114
0.067114
0.067114
0.067114
0.067114
0.067114
0.067114
0.067114
0.067114
0.067114
0.067114
0.067114
0.096362
0.101523
0.101523
0.101523
0.101523
0.101523
0.101523
0.101523
0.101523
0.101523
0.120482
0.120482
0.120482
0.120482
0.120482
0.120482
0.120482
0.120482
0.300296
0.377358
0.364702
0.124224
0.124224
0.124224
0.124224
0.124224
0.124224
0.124224
0.124224
0.113636
0.113636
0.113636
0.113636
0.113636
0.113636
0.113636
0.113636
0.124242
0.166667
0.166667
0.166667
0.166667
0.166667
0.147174
0.069204
0.069204
0.069204
0.069204
0.069204
0.069204
0.069204
0.069204
0.069204
0.069204
0.069204
0.069204
0.069204
0.069204
0.305763
0.384615
0.340748
0.092166
0.092166
0.092166
0.092166
0.092166
0.092166
0.092166
0.092166
0.092166
0.092166
0.179901
0.384615
0.384615
0.456848
0.487805
0.553085
0.588235
0.362745
0.350877
0.330388
0.145985
0.145985
0.145985
0.145985
0.145985
0.145985
0.326880
0.789935
0.073260
0.073260
0.073260
0.073260
0.073260
0.073260
0.073260
0.073260
0.073260
0.073260
0.073260
0.073260
0.073260
0.111159
0.157480
0.157480
0.157480
0.157480
0.157480
0.195786
0.540541
0.540541
0.540541
0.449324
0.312500
0.312500
0.275157
0.125786
0.125786
0.125786
0.125786
0.125786
0.125786
0.125786
0.203035
0.434783
0.434783
0.140489
0.125000
0.125000
0.125000
0.125000
0.125000
0.125000
0.125000
0.093008
0.091324
0.091324
0.091324
0.091324
0.091324
0.091324
0.091324
0.091324
0.091324
0.091324
1.123894
0.176991
0.176991
0.176991
0.176991
0.169269
0.022548
0.022548
0.022548
0.022548
0.022548
0.022548
0.022548
0.022548
0.022548
0.022548
0.022548
0.022548
0.022548
0.022548
0.022548
0.022548
0.022548
0.022548
0.022548
0.022548
0.022548
0.022548
0.022548
0.022548
0.022548
0.022548
0.022548
0.022548
0.022548
0.022548
0.022548
0.022548
0.022548
0.022548
0.022548
0.022548
0.022548
0.022548
0.022548
0.022548
0.022548
0.022548
0.022548
0.022548
1.015370
0.034423
0.034423
0.034423
0.034423
0.034423
0.034423
0.034423
0.034423
0.034423
0.034423
0.034423
0.034423
0.034423
0.034423
0.034423
0.034423
0.034423
0.034423
0.034423
0.034423
0.034423
0.034423
0.034423
0.034423
0.034423
0.034423
0.034423
0.034423
0.031270
0.018657
0.018657
0.018657
0.018657
0.018657
0.018657
0.018657
0.018657
0.018657
0.018657
0.018657
0.018657
0.018657
0.018657
0.018657
0.018657
0.018657
0.018657
0.018657
0.018657
0.018657
0.018657
0.018657
0.018657
0.018657
0.018657
0.018657
0.018657
0.018657
0.018657
0.018657
0.018657
0.018657
0.018657
0.018657
0.018657
0.018657
0.018657
0.018657
0.018657
0.018657
0.018657
0.018657
0.018657
0.018657
0.018657
0.018657
0.018657
0.018657
0.018657
0.018657
0.018657
0.018657
0.207463
0.333333
0.333333
0.199267
0.109890
0.109890
0.109890
0.109890
0.109890
0.109890
0.109890
0.109890
0.067140
0.024390
0.024390
0.024390
0.024390
0.024390
0.024390
0.024390
0.024390
0.024390
0.024390
0.024390
0.024390
0.024390
0.024390
0.024390
0.024390
0.024390
0.024390
0.024390
0.024390
0.024390
0.024390
0.024390
0.024390
0.024390
0.024390
0.024390
0.024390
0.024390
0.024390
0.024390
0.024390
0.024390
0.024390
0.024390
0.024390
0.024390
0.024390
0.024390
0.024390
0.239468
0.454545
0.518182
0.666667
0.164954
0.039526
0.039526
0.039526
0.039526
0.039526
0.039526
0.039526
0.039526
0.039526
0.039526
0.039526
0.039526
0.039526
0.039526
0.039526
0.039526
0.039526
0.039526
0.039526
0.039526
0.039526
0.039526
0.039526
0.039526
0.097888
0.156250
0.156250
0.156250
0.156250
0.156250
0.174523
0.338983
0.338983
0.294451
0.042105
0.042105
0.042105
0.042105
0.042105
0.042105
0.042105
0.042105
0.042105
0.042105
0.042105
0.042105
0.042105
0.042105
0.042105
0.042105
0.042105
0.042105
0.042105
0.042105
0.042105
0.042105
0.042105
0.052849
0.068966
0.068966
0.068966
0.068966
0.068966
0.068966
0.068966
0.068966
0.068966
0.068966
0.068966
0.068966
0.068966
0.068966
0.162069
0.172414
0.172414
0.172414
0.172414
0.170098
0.149254
0.149254
0.149254
0.149254
0.149254
0.149254
0.137456
0.119760
0.119760
0.119760
0.119760
0.119760
0.119760
0.119760
0.150809
0.740741
0.288573
0.094787
0.094787
0.094787
0.094787
0.094787
0.094787
0.094787
0.094787
0.094787
0.087562
0.046620
0.046620
0.046620
0.046620
0.046620
0.046620
0.046620
0.046620
0.046620
0.046620
0.046620
0.046620
0.046620
0.046620
0.046620
0.046620
0.046620
0.046620
0.046620
0.046620
0.046620
0.080024
0.094340
0.094340
0.094340
0.094340
0.094340
0.094340
0.094340
0.094340
0.094340
0.117693
0.327869
0.327869
0.323380
0.238095
0.238095
0.238095
0.238095
0.132305
0.113636
0.113636
0.113636
0.113636
0.113636
0.113636
0.113636
0.184878
0.969589
0.116279
0.116279
0.116279
0.116279
0.116279
0.116279
0.116279
0.116279
0.146333
0.153846
0.153846
0.153846
0.153846
0.153846
0.507692
0.656995
0.103627
0.103627
0.103627
0.103627
0.103627
0.103627
0.103627
0.103627
0.103627
0.069379
0.065574
0.065574
0.065574
0.065574
0.065574
0.065574
0.065574
0.065574
0.065574
0.065574
0.065574
0.065574
0.065574
0.065574
0.079228
0.086580
0.086580
0.086580
0.086580
0.086580
0.086580
0.086580
0.086580
0.086580
0.086580
0.085859
0.079365
0.079365
0.079365
0.079365
0.079365
0.079365
0.079365
0.079365
0.079365
0.079365
0.079365
0.079365
0.153319
0.227273
0.227273
0.227273
0.227534
0.229885
0.229885
0.229885
0.229885
0.132848
0.100503
0.100503
0.100503
0.100503
0.100503
0.100503
0.100503
0.100503
0.100503
0.686767
0.419664
0.143885
0.143885
0.143885
0.143885
0.143885
0.143885
0.095342
0.069204
0.069204
0.069204
0.069204
0.069204
0.069204
0.069204
0.069204
0.069204
0.069204
0.069204
0.069204
0.069204
0.087109
0.158730
0.158730
0.158730
0.158730
0.158730
0.158730
0.080855
0.072202
0.072202
0.072202
0.072202
0.072202
0.072202
0.072202
0.072202
0.072202
0.072202
0.072202
0.072202
0.083085
0.289855
0.289855
0.289855
0.204831
0.148148
0.148148
0.148148
0.148148
0.148148
0.148148
0.199306
0.208333
0.208333
0.208333
0.264583
1.115152
0.606061
0.390203
0.273973
0.273973
0.273973
0.370370
0.370370
0.339259
0.266667
0.266667
0.266667
0.245000
0.227273
0.227273
0.227273
0.222594
0.196078
0.196078
0.196078
0.196078
0.198620
0.246914
0.246914
0.246914
0.246914
0.030912
0.030912
0.030912
0.030912
0.030912
0.030912
0.030912
0.030912
0.030912
0.030912
0.030912
0.030912
0.030912
0.030912
0.030912
0.030912
0.030912
0.030912
0.030912
0.030912
0.030912
0.030912
0.030912
0.030912
0.030912
0.030912
0.030912
0.030912
0.030912
0.030912
0.030912
0.030912
0.125863
0.176991
0.176991
0.176991
0.176991
0.176991
0.030488
0.030488
0.030488
0.030488
0.030488
0.030488
0.030488
0.030488
0.030488
0.030488
0.030488
0.030488
0.030488
0.030488
0.030488
0.030488
0.030488
0.030488
0.030488
0.030488
0.030488
0.030488
0.030488
0.030488
0.030488
0.030488
0.030488
0.030488
0.030488
0.030488
0.030488
0.030488
0.032956
0.042827
0.042827
0.042827
0.042827
0.042827
0.042827
0.042827
0.042827
0.042827
0.042827
0.042827
0.042827
0.042827
0.042827
0.042827
0.042827
0.042827
0.042827
0.042827
0.042827
0.042827
0.042827
0.042827
0.032659
0.030864
0.030864
0.030864
0.030864
0.030864
0.030864
0.030864
0.030864
0.030864
0.030864
0.030864
0.030864
0.030864
0.030864
0.030864
0.030864
0.030864
0.030864
0.030864
0.030864
0.030864
0.030864
0.030864
0.030864
0.030864
0.030864
0.030864
0.030864
0.030864
0.030864
0.030864
0.081724
0.143885
0.143885
0.143885
0.143885
0.143885
0.143885
0.120486
0.097087
0.097087
0.097087
0.097087
0.097087
0.097087
0.097087
0.097087
0.097087
0.083467
0.028986
0.028986
0.028986
0.028986
0.028986
0.028986
0.028986
0.028986
0.028986
0.028986
0.028986
0.028986
0.028986
0.028986
0.028986
0.028986
0.028986
0.028986
0.028986
0.028986
0.028986
0.028986
0.028986
0.028986
0.028986
0.028986
0.028986
0.028986
0.028986
0.028986
0.028986
0.028986
0.028986
0.028986
0.258696
0.357143
0.357143
0.188257
0.169492
0.169492
0.169492
0.169492
0.169492
0.071174
0.071174
0.071174
0.071174
0.071174
0.071174
0.071174
0.071174
0.071174
0.071174
0.071174
0.071174
0.071174
0.071174
0.179485
0.185185
0.185185
0.185185
0.185185
0.117708
0.062500
0.062500
0.062500
0.062500
0.062500
0.062500
0.062500
0.062500
0.062500
0.062500
0.062500
0.062500
0.062500
0.062500
0.062500
0.050037
0.039841
0.039841
0.039841
0.039841
0.039841
0.039841
0.039841
0.039841
0.039841
0.039841
0.039841
0.039841
0.039841
0.039841
0.039841
0.039841
0.039841
0.039841
0.039841
0.039841
0.039841
0.039841
0.039841
0.039841
0.087130
0.144928
0.144928
0.144928
0.144928
0.144928
0.144928
0.140047
0.136054
0.136054
0.136054
0.136054
0.136054
0.136054
0.442177
0.783172
0.194175
0.194175
0.194175
0.194175
0.171544
0.143885
0.143885
0.143885
0.143885
0.143885
0.143885
0.158899
0.173913
0.173913
0.173913
0.173913
0.173913
0.285414
0.322581
0.322581
0.678121
0.448887
0.028209
0.028209
0.028209
0.028209
0.028209
0.028209
0.028209
0.028209
0.028209
0.028209
0.028209
0.028209
0.028209
0.028209
0.028209
0.028209
0.028209
0.028209
0.028209
0.028209
0.028209
0.028209
0.028209
0.028209
0.028209
0.028209
0.028209
0.028209
0.028209
0.028209
0.028209
0.028209
0.028209
0.028209
0.031090
0.085837
0.085837
0.085837
0.085837
0.085837
0.085837
0.085837
0.085837
0.085837
0.085837
0.085837
0.099695
0.120482
0.120482
0.120482
0.120482
0.120482
0.120482
0.120482
0.114948
0.065147
0.065147
0.065147
0.065147
0.065147
0.065147
0.065147
0.065147
0.065147
0.065147
0.065147
0.065147
0.065147
0.065147
0.065147
0.304748
0.384615
0.401923
0.500000
0.540385
0.769231
0.171122
0.065574
0.065574
0.065574
0.065574
0.065574
0.065574
0.065574
0.065574
0.065574
0.065574
0.065574
0.065574
0.065574
0.065574
0.052720
0.044150
0.044150
0.044150
0.044150
0.044150
0.044150
0.044150
0.044150
0.044150
0.044150
0.044150
0.044150
0.044150
0.044150
0.044150
0.044150
0.044150
0.044150
0.044150
0.044150
0.044150
0.044150
0.033769
0.033223
0.033223
0.033223
0.033223
0.033223
0.033223
0.033223
0.033223
0.033223
0.033223
0.033223
0.033223
0.033223
0.033223
0.033223
0.033223
0.033223
0.033223
0.033223
0.033223
0.033223
0.033223
0.033223
0.033223
0.033223
0.033223
0.033223
0.033223
0.033223
0.036407
0.036969
0.036969
0.036969
0.036969
0.036969
0.036969
0.036969
0.036969
0.036969
0.036969
0.036969
0.036969
0.036969
0.036969
0.036969
0.036969
0.036969
0.036969
0.036969
0.036969
0.036969
0.036969
0.036969
0.036969
0.036969
0.036969
0.105553
0.122699
0.122699
0.122699
0.122699
0.122699
0.122699
0.122699
0.120789
0.119760
0.119760
0.119760
0.119760
0.119760
0.119760
0.119760
0.383832
0.720548
0.068493
0.068493
0.068493
0.068493
0.068493
0.068493
0.068493
0.068493
0.068493
0.068493
0.068493
0.068493
0.068493
0.068493
0.444790
0.582702
0.138889
0.138889
0.138889
0.138889
0.138889
0.138889
0.138889
0.110780
0.105820
0.105820
0.105820
0.105820
0.105820
0.105820
0.105820
0.105820
0.285714
0.555556
0.235968
0.022910
0.022910
0.022910
0.022910
0.022910
0.022910
0.022910
0.022910
0.022910
0.022910
0.022910
0.022910
0.022910
0.022910
0.022910
0.022910
0.022910
0.022910
0.022910
0.022910
0.022910
0.022910
0.022910
0.022910
0.022910
0.022910
0.022910
0.022910
0.022910
0.022910
0.022910
0.022910
0.022910
0.022910
0.022910
0.022910
0.022910
0.022910
0.022910
0.022910
0.022910
0.022910
0.022910
0.111611
0.116279
0.116279
0.116279
0.116279
0.116279
0.116279
0.116279
0.088864
0.037951
0.037951
0.037951
0.037951
0.037951
0.037951
0.037951
0.037951
0.037951
0.037951
0.037951
0.037951
0.037951
0.037951
0.037951
0.037951
0.037951
0.037951
0.037951
0.037951
0.037951
0.037951
0.037951
0.037951
0.037951
