1246281451
none
6.333333
5.000000
5.666667
7.500000
3.562500
0.625000
2.575658
1.593985
3.142857
5.800000
3.057143
1.767857
2.175000
3.057143
2.300752
1.205742
11.636364
2.500000
228.500000
262.000000
176.000000
191.000000
185.000000
138.000000
159.000000
121.000000
133.000000
142.000000
134.000000
125.000000
114.000000
114.000000
111.000000
110.000000
118.000000
105.000000
106.000000
99.000000
95.000000
99.000000
97.000000
91.000000
101.000000
86.000000
91.000000
98.000000
80.000000
52.000000
83.000000
81.000000
73.000000
63.000000
64.000000
63.000000
51.000000
58.000000
47.000000
36.000000
39.000000
33.000000
20.000000
16.666667
8.833333
9.500000
16.428571
6.571429
17.000000
15.000000
20.000000
19.166667
20.166667
11.333333
16.833333
26.500000
32.000000
29.000000
30.000000
25.000000
28.666667
18.333333
24.000000
21.000000
22.000000
18.333333
24.166667
22.500000
20.500000
17.500000
21.666667
14.333333
11.000000
8.333333
9.866667
6.657143
7.642857
6.166667
9.333333
9.666667
5.250000
3.416667
3.666667
3.000000
6.000000
2.777778
9.365079
3.241758
5.615385
2.636364
2.748252
2.915385
3.588889
2.111111
6.800000
1.950000
1.250000
2.500000
2.192308
5.495192
3.812500
7.500000
1.891304
2.835968
1.818182
0.909091
0.776224
1.831731
4.723214
4.428571
0.952381
2.466667
1.304167
1.691532
0.645161
2.654378
2.171429
2.400000
0.869565
2.330435
0.500000
0.721053
2.578947
2.550000
1.650000
2.163636
2.261364
3.375000
4.250000
6.666667
3.083333
3.933333
3.374359
1.170569
1.137124
2.051282
5.166667
3.944444
5.650794
4.071429
5.700000
2.911111
3.603175
2.619048
0.803030
0.454545
0.694805
2.954286
2.902857
2.773810
1.692029
1.891304
7.547619
0.952381
4.437500
2.562500
2.800000
2.700000
5.833333
5.000000
3.166667
3.961538
1.350962
5.298611
1.222222
2.750000
4.250000
2.000000
1.416667
3.666667
3.226190
3.957143
2.250000
2.150000
0.869565
3.380435
2.226190
0.898810
1.125000
2.277778
1.365079
3.953917
0.645161
1.591398
1.696970
0.606061
0.834225
1.216912
0.661337
0.465116
1.404228
0.363636
0.363636
0.381469
0.384615
0.844017
0.758170
0.392157
0.794118
2.181818
1.130682
1.775735
0.893246
1.700337
3.068182
3.000000
1.250000
1.909091
1.002674
3.810458
3.077778
1.730303
0.606061
1.594406
2.626374
4.365079
1.924837
0.588235
1.572398
3.254808
1.599662
0.540541
1.725869
1.371429
3.200000
2.108108
0.540541
0.469995
0.338983
0.338983
1.203390
0.400000
0.400000
1.200000
3.529412
1.756303
1.857143
1.557143
0.818519
1.481481
2.222222
0.555556
0.743961
0.788606
0.689655
0.666667
1.333333
2.380952
0.899048
1.005714
2.547619
2.611111
1.590038
0.689655
1.548589
0.790765
0.105820
0.105820
0.105820
0.105820
0.105820
0.105820
0.105820
0.105820
0.239947
1.225000
1.125000
0.750000
0.839286
0.357143
0.357143
1.239907
0.869565
0.729814
0.561224
0.408163
0.423469
0.714286
2.500000
5.083333
2.738095
0.714286
2.906593
2.687003
1.020690
1.742857
1.937143
0.800000
1.064444
0.815556
1.828235
1.674923
0.924342
0.625000
1.377976
0.476190
0.666667
1.666667
1.057143
0.571429
2.007792
1.059289
1.526570
1.590278
0.754167
1.308333
2.553571
1.333333
1.571429
0.555556
0.532164
0.526316
3.154672
0.408163
0.408163
1.748299
2.666667
0.880952
0.714286
0.791429
1.870909
1.843874
1.265217
0.929630
1.703704
1.105691
0.487805
1.073171
1.107143
0.238095
0.238095
0.238095
0.330087
0.606061
0.409091
0.277778
0.277778
0.277778
2.071429
0.285714
0.285714
0.285714
0.305804
0.312500
0.312500
0.618886
1.249012
0.642292
0.434783
0.407191
0.384615
0.384615
1.074786
1.544444
2.900000
2.500000
0.714286
1.630542
0.692209
0.740741
1.339869
1.382353
1.250000
0.767241
1.232759
0.764286
0.985714
1.394737
0.667763
1.504167
0.666667
2.485417
0.625000
0.610795
0.640693
0.941799
0.740741
1.408269
0.465116
0.413772
0.259740
0.259740
0.259740
0.822511
2.750000
3.006410
2.688034
0.740741
0.740741
0.835979
1.104762
1.895238
1.682540
0.555556
0.523810
0.476190
0.708333
1.762255
0.392157
0.392157
0.535574
0.556371
0.270270
0.270270
