1246204078
none
46.000000
112.000000
522.000000
590.000000
487.000000
400.000000
388.000000
340.000000
314.000000
309.000000
220.000000
232.000000
215.000000
223.000000
216.000000
191.000000
171.000000
177.000000
134.000000
133.000000
133.000000
120.000000
107.000000
106.000000
103.000000
93.000000
104.000000
72.000000
91.000000
90.000000
75.000000
90.000000
75.000000
101.000000
88.000000
90.000000
74.000000
84.000000
62.000000
57.000000
68.000000
67.000000
51.000000
36.500000
20.500000
11.000000
18.250000
7.750000
14.000000
7.000000
11.000000
12.000000
9.500000
2.750000
3.950000
7.400000
6.150000
10.500000
9.083333
6.416667
6.250000
8.000000
18.200000
16.466667
18.333333
22.000000
14.000000
21.333333
22.666667
22.000000
20.000000
24.000000
23.000000
19.500000
15.250000
11.500000
6.750000
9.200000
7.442857
2.993506
8.363636
5.785714
7.214286
8.857143
4.059524
10.583333
5.750000
3.750000
6.000000
4.363636
4.636364
8.000000
3.857143
2.476190
3.733333
3.933333
2.590909
3.409091
6.500000
2.500000
6.166667
4.233333
4.350000
5.107143
4.942857
5.075000
3.696429
5.714286
8.380952
4.333333
5.333333
5.333333
3.606061
2.727273
2.111111
3.763889
1.875000
2.500000
0.714286
1.443122
0.925926
1.891667
0.500000
1.417857
2.081633
0.408163
1.367347
0.416667
0.416667
0.360215
0.322581
0.322581
1.494624
0.893939
0.454545
0.603896
1.785714
0.714286
1.464286
4.519231
1.480769
1.250000
2.875000
3.750000
2.750000
3.000000
1.754630
0.692951
0.645161
2.960829
2.357143
1.098901
3.698718
1.916667
0.714286
1.085714
1.866667
1.159420
2.020067
0.936455
1.006865
3.392344
2.122530
1.095652
2.850000
1.559524
0.805861
2.484615
0.666667
4.804762
3.706349
2.222222
2.000000
0.900000
1.822222
2.111111
3.196078
2.220588
1.272727
0.454545
0.454545
1.282468
1.603896
2.515152
0.924731
0.645161
2.471774
2.988636
1.636364
0.512821
0.820513
2.266667
1.573913
0.289855
0.289855
0.496377
0.974490
0.408163
0.567347
0.950000
0.250000
0.250000
0.250000
0.463636
0.606061
0.280303
0.263158
0.263158
0.973684
2.326923
0.512821
1.743590
2.541667
0.412879
0.303030
0.303030
1.182984
3.140468
1.782609
1.612903
1.470430
0.555556
1.668803
4.358974
3.333333
2.157895
2.508772
0.976190
1.533613
4.966387
2.027875
0.487805
0.641463
0.825000
0.416667
0.416667
1.650362
1.237458
2.778846
1.875000
2.115385
1.217949
2.291667
2.791667
2.537879
0.670455
0.312500
0.312500
0.821429
4.828571
1.000000
1.984615
1.905707
0.645161
1.290323
0.322581
0.322581
2.129032
0.952381
1.047619
1.750000
2.485294
2.478992
0.505226
0.243902
0.243902
0.243902
0.107389
0.073260
0.073260
0.073260
0.073260
0.073260
0.073260
0.073260
0.073260
0.073260
0.073260
0.073260
0.073260
0.159045
0.645161
0.530792
0.454545
0.375291
0.256410
0.256410
0.256410
1.323857
0.434783
0.569565
2.800000
0.363636
0.363636
0.772727
4.812500
2.287500
1.900000
1.818182
1.098485
1.002688
1.247312
2.777778
1.805556
2.137097
0.665535
2.047368
1.175000
0.500000
0.748810
0.779221
0.606061
1.683502
1.665472
0.645161
2.531557
1.872910
2.592308
0.422034
0.338983
0.338983
1.375000
0.958333
0.666667
2.631579
2.732057
0.748433
0.172414
0.172414
0.172414
0.172414
0.172414
0.734195
1.056373
0.302240
0.083682
0.083682
0.083682
0.083682
0.083682
0.083682
0.083682
0.083682
0.083682
0.083682
0.083682
1.279219
0.924823
0.425532
0.423795
0.408163
0.408163
0.328571
0.285714
0.285714
0.350000
0.714286
0.860390
2.718182
1.253846
1.408654
0.416667
0.416667
0.572917
0.625000
0.625000
1.014583
0.520635
0.317460
0.317460
0.923611
0.623397
0.512821
0.694139
2.912698
2.277778
2.750000
1.559524
1.790476
1.337853
0.338983
0.338983
0.789978
2.860870
0.752941
0.392157
0.534902
0.780606
0.606061
0.443089
0.243902
0.243902
0.243902
0.450203
1.458333
1.041667
0.527482
0.425532
0.982592
1.624079
0.540541
0.404404
0.370370
0.392157
0.588235
0.451707
0.246914
0.246914
0.246914
0.597994
2.608477
0.229885
0.229885
0.229885
0.229885
0.520197
0.614286
0.932787
0.327869
0.327869
0.511475
1.028571
0.285714
0.285714
0.700000
1.647059
0.588235
1.529412
0.588235
0.897059
0.488095
0.317460
0.317460
1.165446
0.769231
1.379808
2.106618
0.883660
0.444444
0.444444
0.444444
0.444444
0.589899
0.621212
0.666667
0.848485
2.403896
0.571429
0.876190
1.116667
0.659524
0.476190
0.300223
0.156250
0.156250
0.156250
0.156250
0.156250
0.190505
0.384615
0.384615
0.613077
1.021538
0.705128
0.256410
0.256410
0.256410
0.505279
0.701681
1.294643
0.695833
1.938095
0.285714
0.285714
0.285714
1.392857
0.687917
0.186916
0.186916
0.186916
0.186916
0.186916
0.206612
0.215054
0.215054
