1245982497
none
6.666667
13.333333
11.500000
8.500000
10.250000
6.916667
8.083333
14.416667
35.333333
302.000000
201.000000
159.000000
111.000000
109.000000
104.000000
95.000000
92.000000
99.000000
110.000000
92.000000
97.000000
84.000000
85.000000
72.000000
64.000000
83.000000
85.000000
89.000000
100.000000
137.000000
142.000000
171.000000
160.000000
183.000000
170.000000
189.000000
175.000000
184.000000
192.000000
193.000000
198.000000
173.000000
166.000000
158.000000
166.000000
149.000000
163.000000
135.000000
150.000000
125.000000
105.000000
48.000000
46.000000
54.000000
33.000000
25.000000
35.000000
33.000000
36.200000
26.800000
28.666667
32.666667
20.166667
31.500000
26.000000
16.000000
23.000000
17.500000
18.500000
17.000000
20.000000
23.000000
12.200000
11.800000
13.000000
23.000000
15.000000
22.000000
22.000000
12.500000
16.833333
6.466667
4.200000
8.500000
1.282609
2.986622
6.397436
9.166667
3.916667
3.464286
2.535714
4.178571
3.571429
3.875000
2.982143
1.984962
2.157895
0.454545
0.454545
5.174242
2.616667
5.442857
1.907143
1.021429
2.528571
1.965217
0.934783
3.772727
3.827273
3.300000
4.933333
3.166667
6.500000
2.142857
1.857143
5.909091
5.090909
4.250000
4.750000
5.833333
5.333333
5.833333
5.384615
3.615385
4.900000
4.176923
4.978632
1.131944
1.812500
4.200000
3.261538
2.170040
1.768421
2.509091
2.490909
1.040000
2.560000
4.230769
2.894231
6.041667
3.261905
3.071429
2.500000
1.454545
2.545455
6.666667
3.261905
1.690476
2.517316
1.863636
3.307692
3.358974
4.025641
2.655518
1.277174
3.041667
1.333333
2.450000
0.814706
0.588235
0.504202
0.476190
0.785714
0.498599
0.196078
0.196078
0.196078
0.196078
0.867270
0.690229
0.540541
2.000000
2.000000
1.473684
0.526316
0.327869
0.327869
0.327869
3.816393
0.641860
0.465116
1.593023
1.142857
0.773810
0.555556
4.566239
1.711538
1.950000
1.371429
1.000000
2.928571
4.000000
1.318182
2.681818
2.666667
2.040230
0.689655
3.353448
4.416667
4.533333
2.550000
2.250000
5.642857
4.757143
2.433333
5.595238
3.182540
2.788889
0.827273
1.822727
1.092857
5.982143
3.750000
3.458333
4.166667
3.333333
2.541667
1.507353
4.562092
5.555556
5.600000
0.900000
1.166667
3.083333
1.041667
0.557171
0.465116
0.852713
1.333333
1.000000
3.200000
2.832787
0.327869
0.327869
1.311475
3.937500
2.312500
1.644737
0.578947
0.526316
1.800000
2.533333
1.142857
1.523810
1.368421
0.836707
0.512821
1.924908
2.690476
2.291667
1.375000
0.714286
2.785714
2.060000
1.132308
3.207692
2.600000
4.833333
2.833333
2.404762
1.428571
1.636364
4.863636
5.277778
2.169591
2.427632
3.375000
6.750000
5.187500
3.512500
6.800000
5.000000
1.382979
0.425532
1.941489
3.500000
1.940476
0.476190
2.933333
1.700000
0.666667
2.604762
1.639098
1.503759
1.485714
2.200000
2.600000
3.363636
1.564935
2.718487
2.276018
1.632479
3.381944
1.524038
1.776557
0.972431
1.289474
1.944444
1.180556
1.875000
2.500000
0.312500
0.312500
0.312500
2.062500
1.640000
1.206154
0.774536
1.629310
1.154762
0.476190
0.513784
0.526316
1.328947
0.714286
2.153361
0.588235
0.416069
0.243902
0.243902
0.243902
1.563008
1.064815
0.625661
0.357143
0.357143
0.766807
2.211765
1.009524
1.590476
0.727907
0.232558
0.232558
0.232558
0.531561
1.192857
0.928261
0.902692
0.969048
2.726923
0.769231
2.528846
2.687500
2.381944
1.784127
0.571429
2.914286
1.812030
1.550607
1.286713
1.097902
1.688462
0.500000
1.207143
3.742857
1.622222
3.854701
0.769231
1.278846
0.625000
2.450000
2.800000
7.214286
1.685714
1.822222
1.777778
2.500000
4.166667
2.458333
1.075000
1.663636
1.897233
1.961353
1.542484
0.997199
0.773810
1.514286
0.500000
0.561111
1.196581
1.379808
0.468750
0.208333
0.208333
0.208333
0.208333
0.368907
0.377358
0.549865
1.547619
1.304598
0.689655
0.854232
1.651515
0.966667
1.557143
3.642857
0.687500
0.625000
1.241554
0.270270
0.270270
0.270270
1.777992
2.396359
0.392157
0.392157
1.776471
1.275000
0.875000
2.750000
0.757576
0.303030
0.303030
1.761364
0.800000
0.500000
1.351596
0.425532
0.797872
0.780000
0.400000
0.891429
1.428571
1.000000
0.540541
0.792793
2.850340
0.408163
0.408163
2.636364
0.792208
0.738095
0.833333
5.000000
0.800000
2.000000
0.380851
0.212766
0.212766
0.212766
1.180851
1.175000
0.500000
0.514189
0.540541
0.627413
0.669524
0.266667
0.266667
0.266667
1.349804
0.951189
0.425532
0.425532
1.164134
0.259740
0.259740
0.259740
0.515422
0.623106
0.606061
0.496970
0.363636
0.363636
2.259091
1.037500
0.923611
0.317460
0.317460
1.053968
3.485714
1.098901
1.186813
1.547619
0.476190
0.511905
0.714286
0.928571
2.916667
1.794872
1.188462
1.000000
0.645455
0.454545
0.571429
1.678571
1.111111
1.288889
0.859259
0.370370
0.370370
1.476190
1.053221
1.564338
0.625000
0.556250
0.500000
0.436538
0.384615
0.384615
1.801839
1.860248
0.841014
0.682796
0.833333
2.636364
2.472332
0.434783
0.434783
1.688406
1.196970
0.622078
0.529437
0.151515
0.151515
0.151515
0.151515
0.151515
0.151515
0.284091
0.416667
0.455000
0.800000
0.195556
0.088889
0.088889
0.088889
0.088889
0.088889
0.088889
0.088889
0.088889
0.088889
0.088889
0.958632
1.400452
0.588235
0.183741
0.112360
0.112360
0.112360
0.112360
0.112360
0.112360
0.112360
0.112360
1.621003
0.516194
0.175439
0.175439
0.175439
0.175439
0.333333
1.023207
0.253165
0.253165
0.253165
0.377164
0.408163
0.355050
0.256410
0.256410
0.256410
0.474359
1.066667
0.898246
0.350877
0.350877
0.526316
0.497781
0.240964
0.240964
0.240964
0.240964
0.570872
0.513640
0.289855
0.289855
0.289855
0.193564
0.169492
0.169492
0.169492
0.169492
0.169492
1.016949
0.909091
1.449883
0.512821
0.961538
1.323293
0.240964
0.240964
0.240964
0.168791
0.096618
0.096618
0.096618
0.096618
0.096618
0.096618
0.096618
0.096618
0.096618
0.153554
0.476190
0.464009
0.232558
0.232558
0.232558
0.232558
0.352257
0.392157
0.461874
0.740741
0.302122
0.224719
0.224719
0.224719
0.191169
0.140845
0.140845
0.140845
0.140845
0.140845
0.140845
0.221041
0.408163
0.408163
0.690854
0.578704
0.416667
0.399691
0.246914
0.246914
0.246914
0.242765
0.163934
0.163934
0.163934
0.163934
0.163934
0.163934
0.094170
0.090498
0.090498
0.090498
0.090498
0.090498
0.090498
0.090498
0.090498
0.090498
0.090498
0.096855
0.097561
0.097561
0.097561
0.097561
0.097561
0.097561
0.097561
0.097561
0.097561
