1245966166
none
323.000000
1204.000000
2597.000000
2134.000000
1521.000000
1113.000000
935.000000
914.000000
792.000000
678.000000
623.000000
556.000000
532.000000
542.000000
485.000000
457.000000
440.000000
452.000000
408.000000
346.000000
332.000000
308.000000
282.000000
271.000000
240.000000
243.000000
219.000000
227.000000
183.000000
181.000000
148.000000
144.000000
136.000000
132.000000
118.000000
109.000000
97.000000
82.000000
108.000000
87.000000
107.000000
92.000000
131.000000
117.000000
57.000000
72.000000
80.000000
78.000000
69.000000
69.000000
77.000000
70.000000
71.000000
65.500000
68.500000
65.000000
53.000000
51.500000
53.500000
39.000000
44.000000
35.000000
50.000000
38.000000
36.000000
35.000000
44.500000
41.500000
25.666667
26.333333
34.000000
32.000000
24.000000
32.500000
9.500000
12.750000
9.250000
8.000000
19.200000
19.800000
14.800000
13.450000
12.950000
7.942857
9.857143
14.500000
11.357143
12.142857
15.600000
9.150000
10.250000
16.500000
10.500000
11.000000
8.000000
12.000000
5.800000
7.700000
9.250000
4.875000
7.375000
6.000000
9.250000
5.607143
5.976190
4.000000
2.833333
4.666667
5.000000
2.666667
4.600000
3.092308
1.736264
3.015873
5.930556
8.625000
3.000000
4.142857
3.982143
2.541667
8.083333
8.500000
4.305556
2.777778
4.666667
8.000000
6.666667
7.833333
4.700000
8.600000
4.200000
5.500000
2.500000
4.250000
10.250000
6.500000
5.500000
4.500000
3.857143
6.392857
8.750000
4.400000
2.900000
6.450000
3.750000
4.750000
4.350000
9.400000
9.666667
2.156863
2.301471
2.375000
6.600000
2.733333
5.966667
1.745455
2.704545
4.350000
7.400000
5.705882
3.494118
3.800000
1.777778
3.722222
3.285714
2.214286
2.666667
1.969697
2.563636
1.741176
7.169935
2.317460
2.894009
0.645161
2.882258
2.864286
1.285714
0.952381
2.047619
3.533333
2.029167
1.437500
2.350000
0.900000
0.714286
2.208791
0.384615
0.384615
4.057692
2.400000
0.816216
0.540541
3.555743
2.465278
1.888889
1.438596
1.269737
1.562500
4.618056
3.059829
2.829060
3.180556
6.708333
5.166667
9.833333
8.166667
9.250000
5.500000
4.750000
9.000000
6.714286
7.119048
6.166667
8.000000
10.000000
5.333333
6.666667
8.142857
5.690476
5.833333
6.333333
5.800000
8.400000
2.216667
2.783333
2.700000
3.655556
6.944444
3.400000
7.645455
2.191388
4.513158
8.950000
3.600000
3.914286
6.285714
6.500000
4.500000
4.800000
4.200000
3.000000
4.800000
3.414286
3.230159
2.222222
2.222222
0.550136
0.487805
3.618625
2.377622
4.410256
1.983740
0.487805
0.519446
0.540541
2.135135
1.857143
5.571429
3.571429
2.826087
2.507246
1.416667
1.450000
3.091667
0.981061
3.342657
3.051282
2.833333
3.722222
1.777778
7.000000
1.000000
2.777778
1.722222
3.300000
3.700000
6.642857
4.246032
1.253968
1.875661
2.814815
2.666667
3.571429
1.928571
4.250000
2.183333
3.566667
4.000000
2.772727
1.090909
2.401070
0.850679
3.098901
2.535714
3.365385
1.134615
1.000000
3.250000
6.038462
0.769231
2.317308
2.125000
4.150000
2.822222
2.356725
2.621053
1.466667
2.102564
1.855769
5.605769
0.769231
2.347826
2.452174
1.972727
1.403743
2.011029
0.625000
2.216912
0.588235
1.082353
0.504819
0.240964
0.240964
0.240964
0.346799
0.392157
0.583333
1.770833
0.416667
0.416667
2.074405
1.571429
1.755814
0.465116
0.586762
0.775641
0.833333
1.852564
2.293269
1.937500
1.000000
1.444444
1.180556
3.526515
0.606061
1.867424
1.114130
1.498965
2.095238
2.666667
0.952381
2.547619
0.857143
0.476190
1.935897
2.230769
2.631579
1.539850
0.571429
1.802597
3.839161
2.532051
1.474638
0.839465
0.769231
1.301887
0.377358
0.457118
1.063636
1.440000
1.360000
1.357143
1.142857
3.500000
3.421053
3.356725
1.986928
2.329044
0.625000
1.660560
1.620690
1.428571
0.571429
1.652174
1.570048
1.461988
2.690789
0.990854
0.487805
2.479675
1.770563
0.259740
0.259740
0.259740
0.288758
0.312500
0.312500
0.365916
0.465116
0.408129
0.180180
0.180180
0.180180
0.180180
0.180180
0.713063
1.650000
0.666667
1.257823
0.408163
0.434014
0.666667
1.312121
0.454545
0.454545
1.104278
1.049285
0.540541
1.226351
1.125000
1.857143
1.448413
0.555556
2.027778
2.457265
0.820513
1.011905
0.714286
1.498447
1.608696
2.333333
2.333333
0.962963
0.896686
2.655502
2.341991
2.742857
1.262745
1.016043
2.557994
0.344828
0.344828
0.651341
1.685185
0.370370
0.370370
1.058201
2.946429
1.315476
1.880952
1.803571
0.855769
1.589231
0.742500
0.416667
0.416667
0.342262
0.317460
0.317460
0.876984
2.000000
1.010000
0.406667
0.238095
0.238095
0.238095
1.181548
0.416667
0.416667
1.304167
0.363636
0.363636
1.177990
1.269737
0.951087
0.434783
0.739130
1.346154
1.376068
0.740741
1.297037
0.400000
0.443448
0.689655
2.486897
0.757736
0.377358
0.377358
1.389365
2.262626
1.269841
1.285714
1.470588
0.665214
0.246914
0.246914
0.246914
0.711692
2.411765
1.500000
3.357143
3.084034
1.751131
2.641026
1.238095
2.466307
0.377358
0.377358
0.285133
0.172414
0.172414
0.172414
0.172414
0.172414
1.060345
0.370370
0.370370
0.357620
0.327869
0.327869
0.352285
0.425532
0.425532
0.623198
0.480224
0.173913
0.173913
0.173913
0.173913
0.173913
0.197225
0.212766
0.212766
0.212766
0.212766
0.138924
0.130719
0.130719
0.130719
0.130719
0.130719
0.130719
0.598039
0.685185
0.246914
0.246914
0.246914
0.311362
0.338983
0.338983
0.441889
0.476190
0.264411
0.150376
0.150376
0.150376
0.150376
0.150376
0.150376
0.416667
0.416667
0.611111
0.592320
0.147059
0.147059
0.147059
0.147059
0.147059
0.147059
0.680882
0.659259
0.370370
0.370370
1.110092
0.183486
0.183486
0.183486
0.183486
1.191678
0.714286
0.750000
0.780000
0.845000
0.894048
0.063492
0.063492
0.063492
0.063492
0.063492
0.063492
0.063492
0.063492
0.063492
0.063492
0.063492
0.063492
0.063492
0.063492
0.063492
1.069112
0.135135
0.135135
0.135135
0.135135
0.135135
0.135135
0.135135
0.513514
0.551282
0.512821
0.464199
0.188679
0.188679
0.188679
0.188679
0.188679
0.116385
0.103627
0.103627
0.103627
0.103627
0.103627
0.103627
0.103627
0.103627
0.111270
0.141844
0.141844
0.141844
0.141844
0.141844
0.141844
0.240567
0.800000
0.937143
1.258242
0.769231
1.315385
0.266667
0.266667
0.266667
1.126761
0.281690
0.281690
0.281690
1.403169
0.416667
0.400641
0.384615
0.384615
0.985830
1.078055
0.169492
0.169492
0.169492
0.169492
0.169492
0.511734
0.737834
0.204082
0.204082
0.204082
0.204082
0.512837
0.598387
0.333333
0.333333
0.336905
0.357143
0.357143
0.267496
0.101010
0.101010
0.101010
0.101010
0.101010
0.101010
0.101010
0.101010
