1245900482
none
14.000000
25.000000
16.000000
14.500000
5.277778
3.722222
6.300000
4.450000
4.083333
53.666667
204.000000
136.000000
89.000000
86.000000
68.000000
60.000000
46.000000
61.000000
43.000000
46.000000
54.000000
67.000000
60.000000
67.000000
68.000000
78.000000
90.000000
103.000000
82.000000
127.000000
124.000000
137.000000
170.000000
169.000000
164.000000
169.000000
164.000000
147.000000
150.000000
138.000000
130.000000
160.000000
153.000000
136.000000
109.000000
96.000000
110.000000
89.000000
87.000000
93.000000
80.000000
79.000000
33.000000
41.000000
38.500000
32.500000
39.000000
46.000000
36.000000
38.000000
28.000000
31.000000
29.333333
30.000000
28.666667
24.000000
19.000000
29.000000
19.000000
23.500000
24.500000
20.500000
29.166667
22.666667
19.166667
21.500000
20.000000
15.800000
11.700000
9.750000
9.250000
17.166667
5.761905
6.821429
6.000000
2.625000
3.437500
1.505682
2.064171
5.546218
2.123153
1.448276
6.375000
3.196429
2.610390
1.551515
3.579167
1.379808
2.057692
5.107143
4.142857
6.333333
8.333333
10.833333
6.166667
7.200000
3.276190
4.357143
6.000000
8.300000
5.533333
6.166667
6.500000
8.000000
3.833333
6.984848
5.481818
5.144444
6.055556
3.388889
2.896825
1.639286
0.500000
3.075000
1.586207
4.270936
2.142857
8.333333
1.490196
2.509804
4.000000
6.916667
3.022727
2.727273
4.600000
1.775000
7.625000
3.421053
2.078947
8.000000
5.785714
1.623377
3.244755
0.512821
2.564103
4.019231
5.850000
1.011111
1.888889
1.600000
1.672727
2.433155
4.627451
3.166667
1.625000
0.625000
2.750000
1.763158
0.350877
0.350877
2.535088
1.409091
1.612648
0.906832
1.668990
0.487805
0.486063
0.476190
0.507937
1.976703
0.645161
1.155914
0.388889
0.246914
0.246914
0.246914
0.981481
0.919192
1.828671
2.660633
0.588235
2.258824
2.281481
3.718519
1.107692
1.478022
0.922619
0.975877
1.482456
1.317204
0.960573
1.755556
5.200000
4.266667
1.190476
2.142857
0.625000
1.175000
3.575000
3.125000
1.433333
3.366667
4.033333
3.566667
1.325806
0.645161
1.129032
2.454545
3.000000
2.434343
1.361111
3.035714
3.857143
5.357143
4.428571
2.299499
0.350877
0.350877
3.916329
1.010989
1.920635
7.472222
1.430000
1.820000
2.750000
2.805556
1.319444
1.225000
1.400000
2.000000
0.588235
1.611765
1.800000
0.392157
0.392157
1.572829
1.642857
0.434783
0.434783
1.130435
1.271429
0.285714
0.285714
2.157143
3.687500
0.741071
0.571429
1.500000
2.500000
0.259740
0.259740
0.259740
0.820779
2.828571
1.028571
1.586335
0.869565
4.177866
2.290043
1.255411
1.763636
1.423529
3.109804
1.266667
2.527273
1.167464
5.468900
4.000000
1.493506
6.226190
1.816667
2.766667
5.904762
2.428571
3.333333
3.666667
1.555556
2.717172
3.027273
4.084615
1.915385
2.387500
0.717905
0.540541
3.054054
2.933333
1.478431
2.088235
1.976190
0.869963
1.153846
3.657895
1.092105
2.178571
1.371429
1.050000
0.650000
0.875000
5.125000
3.250000
1.630952
0.476190
0.879699
1.985380
1.111111
1.333333
0.555556
0.804094
0.817434
0.625000
1.186422
0.344828
0.344828
1.173691
0.370370
0.370370
0.590741
0.839189
0.540541
1.395270
2.219828
1.746082
1.909091
3.200000
3.200000
1.633333
0.666667
4.466667
1.833333
1.478261
1.410628
4.261111
1.080769
1.931393
0.540541
3.963964
5.333333
3.857143
3.238095
1.104762
1.925000
3.110294
1.946524
2.094044
0.689655
2.072944
0.769231
2.478022
2.614286
3.350000
3.500000
3.050000
2.521429
1.178571
3.318182
1.991342
4.498168
2.280543
3.536765
2.263889
1.253968
0.874384
2.482759
1.321429
0.357143
0.721429
4.488889
3.111111
3.142857
1.584416
0.708625
0.512821
3.229853
0.714286
1.296332
0.540541
0.686937
1.797619
0.955526
0.377358
0.377358
0.837376
1.821429
1.041667
1.111842
0.679825
0.555556
2.489316
1.000000
2.181319
2.357143
1.333333
1.523810
1.327068
0.526316
2.289474
3.172414
0.689655
1.249042
0.185185
0.185185
0.185185
0.185185
1.273148
1.541667
3.333333
2.454545
1.016043
0.826709
0.540541
0.540541
0.540541
4.681081
1.828571
1.186813
1.813187
3.404762
1.166667
1.482759
0.874384
2.918719
0.689655
3.474483
3.310000
2.310606
0.606061
0.708333
1.041667
3.869048
2.142857
1.904762
3.666667
3.000000
2.900000
4.600000
2.107143
1.292857
5.100000
0.909091
0.757576
1.179487
1.347395
0.322581
0.322581
1.208909
0.476190
0.476190
2.666667
2.520833
0.921875
0.312500
0.312500
0.694196
1.771429
0.571429
0.501299
0.454545
1.072727
1.800000
0.880000
0.838182
0.763785
0.327869
0.327869
0.484517
1.634921
1.164134
0.425532
0.425532
1.777660
0.798276
2.551724
1.533333
2.604598
0.689655
2.372414
1.180952
0.860427
0.689655
1.878489
0.342857
0.190476
0.190476
0.190476
0.190476
0.478571
1.940476
2.693694
0.540541
1.099099
0.833333
0.833333
1.030303
0.454545
1.598485
0.770833
0.625000
0.854167
1.200000
1.133333
1.483871
1.016129
2.581633
0.408163
0.408163
2.102041
1.046512
0.232558
0.232558
0.232558
0.232558
2.023256
1.615385
1.217949
0.397436
0.256410
0.256410
0.256410
0.357143
0.357143
0.730159
1.573804
0.072993
0.072993
0.072993
0.072993
0.072993
0.072993
0.072993
0.072993
0.072993
0.072993
0.072993
0.072993
0.072993
1.282847
0.555556
0.555556
0.555556
0.856061
1.486532
0.740741
0.384615
0.384615
0.497436
0.666667
0.485271
0.465116
0.600150
0.559140
0.215054
0.215054
0.215054
0.215054
0.378825
0.512821
0.363023
0.263158
0.263158
0.263158
2.578947
0.763158
0.526316
0.381180
0.303030
0.303030
0.476970
0.744390
0.243902
0.243902
0.243902
0.243902
0.416667
0.416667
0.240741
0.123457
0.123457
0.123457
0.123457
0.123457
0.123457
0.123457
0.164821
0.206186
0.206186
0.206186
0.206186
0.285280
0.327869
0.327869
0.381148
0.416667
0.365079
0.158730
0.158730
0.158730
0.158730
0.158730
0.158730
0.262448
0.273973
0.273973
1.280479
0.500000
0.612500
0.987500
0.500000
0.791667
0.681481
0.246914
0.246914
0.246914
0.259760
0.270270
0.270270
0.270270
0.588928
0.724340
1.393939
1.495495
0.540541
0.570025
0.606061
2.403263
0.512821
0.911011
1.008403
0.985714
0.737500
0.605978
0.434783
0.434783
1.526957
0.642192
0.273973
0.273973
0.273973
1.453033
0.653274
0.104167
0.104167
0.104167
0.104167
0.104167
0.104167
0.104167
0.104167
0.104167
0.355114
0.606061
1.241447
0.215054
0.215054
0.215054
0.215171
0.217391
0.217391
0.217391
0.217391
0.211402
0.204082
0.204082
0.204082
0.204082
0.173318
0.148148
0.148148
0.148148
0.148148
0.148148
0.148148
0.154630
0.156250
0.156250
0.156250
0.156250
0.156250
0.150088
0.140845
0.140845
0.140845
0.140845
0.140845
0.140845
0.168359
0.232558
0.232558
0.232558
0.232558
0.294118
0.294118
0.294118
1.139076
0.142857
0.142857
0.142857
0.142857
0.142857
0.142857
0.176984
0.370370
0.370370
0.514049
0.689655
0.869565
0.409123
0.327869
0.327869
0.245349
0.224719
0.224719
0.224719
0.271067
0.357143
0.357143
0.335317
0.317460
0.317460
0.347339
0.392157
0.392157
0.239675
0.212766
0.212766
0.212766
0.208124
0.181818
0.181818
0.181818
0.181818
