1245886806
none
3.785714
4.487013
1.727273
4.500000
1.571429
1.564935
2.506494
1.357143
2.500000
1.166667
2.500000
2.958333
3.080882
0.735294
0.892157
1.229167
1.294643
0.821429
1.321429
0.740741
0.610611
0.540541
0.366173
0.322581
0.322581
0.971774
1.553571
0.476190
0.256854
0.202020
0.202020
0.202020
0.202020
0.710303
1.243077
0.807692
1.541958
0.454545
0.415584
0.357143
0.357143
1.192857
1.116667
1.715686
192.117647
176.000000
145.000000
121.000000
124.000000
119.000000
165.000000
238.000000
185.000000
175.000000
150.000000
133.000000
147.000000
130.000000
114.000000
129.000000
114.000000
101.000000
102.000000
132.000000
118.000000
95.000000
107.000000
115.000000
124.000000
121.000000
111.000000
105.000000
87.000000
91.000000
95.000000
101.000000
97.000000
84.000000
59.000000
72.000000
89.000000
84.000000
87.000000
72.000000
67.000000
71.000000
35.000000
25.800000
29.200000
19.000000
16.857143
7.142857
14.000000
16.000000
21.000000
17.500000
13.900000
10.600000
7.500000
10.500000
11.000000
12.000000
10.000000
9.666667
7.333333
10.600000
7.650000
7.607143
9.642857
8.900000
13.100000
15.250000
19.583333
13.666667
13.800000
15.200000
13.222222
7.277778
9.666667
5.033333
6.466667
4.133333
3.422222
4.777778
4.800000
4.866667
1.904762
4.178571
3.250000
3.400000
5.028571
5.838095
1.633333
5.433333
1.523810
3.342857
1.244444
2.555556
2.538462
2.683761
1.777778
6.000000
3.818182
3.681818
3.318182
3.881818
3.300000
2.230769
0.769231
2.720000
0.605000
0.500000
0.859211
4.815789
1.350000
5.331818
2.318182
3.300000
3.700000
3.078947
2.706767
1.714286
1.687500
4.645833
3.916667
1.750000
4.000000
0.952381
4.154762
0.714286
1.584821
0.760417
1.622807
2.528708
1.181818
2.821429
0.734127
2.373016
3.571429
1.300000
1.464706
3.466063
0.512821
0.420345
0.327869
0.327869
0.780328
1.223529
2.509804
0.555556
3.383838
2.441558
1.428571
5.148810
0.805108
0.645161
2.334988
4.423077
3.076923
1.323077
6.475000
2.708333
0.416667
0.416667
1.358333
0.500000
5.225000
1.322581
0.645161
2.385199
3.047059
4.600000
3.550000
3.526923
2.923077
4.500000
3.500000
0.714286
2.649351
1.064935
0.864111
0.487805
1.136179
1.750000
1.600000
2.900000
2.023810
0.882695
0.487805
0.689024
2.065789
1.384211
3.450000
1.183333
2.104167
1.831731
0.774247
0.869565
1.652174
0.571769
0.273973
0.273973
0.273973
2.085540
0.444444
0.444444
0.652874
1.029178
2.475524
0.606061
2.160173
2.527473
0.753316
0.689655
4.772414
3.150000
0.650000
0.444444
4.332026
1.934641
1.263889
0.625000
1.647059
2.727941
1.180556
2.631944
0.416667
0.445833
1.061111
2.811966
3.141439
0.645161
1.702087
3.254902
1.888889
1.856209
1.988235
2.350000
3.704545
1.245455
1.396774
0.645161
2.104218
1.769231
3.717949
3.666667
1.272727
0.454545
1.772727
2.666667
4.166667
4.904762
2.428571
4.333333
2.333333
4.800000
1.644444
0.661247
0.487805
3.164080
0.454545
0.454545
3.857143
4.779221
1.003636
0.883810
3.226190
1.345238
0.476190
1.515528
0.869565
2.333801
0.645161
1.304516
1.010000
1.357143
1.711039
0.919913
0.832080
0.350877
0.350877
0.321404
0.266667
0.266667
0.266667
1.356667
1.866279
0.465116
0.479211
0.606061
1.025641
5.307692
1.355556
0.444444
2.771429
2.857143
0.873315
0.377358
0.820755
2.150000
3.725000
0.919118
4.039216
6.872549
0.588235
1.455882
1.638889
7.111111
3.275862
0.689655
1.256705
3.577778
4.458065
0.645161
3.596774
3.611111
0.740741
6.203704
1.194444
1.228261
1.055072
2.466667
1.555556
2.290598
3.153846
1.833333
1.722222
3.484444
0.800000
1.302857
5.107143
1.000000
0.861111
0.444444
0.444444
2.161290
0.645161
3.308933
0.769231
4.258242
1.964286
0.357143
0.357143
3.178571
1.666667
0.719697
0.454545
1.025758
0.342636
0.232558
0.232558
0.232558
0.435880
0.571429
1.085714
0.909091
1.757576
0.876190
0.790476
2.452381
0.843915
3.370370
2.459459
0.540541
1.064516
0.645161
1.206989
1.257246
0.892754
1.109804
0.588235
2.124183
0.611111
0.611111
3.222222
2.962121
0.454545
1.323171
0.487805
1.105691
3.666667
1.259259
0.753561
1.403846
1.750000
1.227273
1.045455
2.227273
2.146341
0.487805
0.629012
0.876377
0.465116
0.995349
2.672727
0.923994
0.327869
0.327869
0.671351
2.851190
1.562500
4.276786
0.714286
1.880952
2.607143
2.805556
1.877778
0.666667
0.852381
2.047619
0.674242
0.454545
0.728355
3.499446
0.465116
0.465116
1.272318
0.322581
0.322581
1.266019
0.273973
0.273973
0.273973
0.572346
0.923295
1.063973
1.019943
1.044872
0.666667
0.500000
1.083333
1.806667
0.604444
0.444444
0.611111
1.557143
3.142857
1.900000
0.629412
0.681115
1.789474
1.400000
0.773913
0.434783
0.677019
2.852217
0.689655
1.172414
0.588235
0.626050
0.714286
0.532967
0.512821
0.729345
1.153439
0.925466
1.254428
0.740741
2.507937
0.964286
1.464286
1.864662
2.495127
0.740741
2.285185
1.100000
1.280000
1.686667
1.888889
1.032680
0.588235
0.596257
0.606061
1.335498
0.995017
0.465116
0.611296
1.802521
0.588235
1.528075
0.454545
1.340909
1.642857
1.857143
1.900000
4.200000
2.828571
0.615385
0.219780
0.219780
0.219780
0.219780
0.353519
0.425532
0.451718
0.512821
0.458333
0.357143
0.357143
0.344048
0.333333
0.333333
0.650000
0.666667
0.370370
0.370370
2.462963
0.772487
0.990476
0.923577
0.162602
0.162602
0.162602
0.162602
0.162602
0.169297
0.196078
0.196078
0.196078
0.196078
1.198693
0.444444
0.444444
0.546032
0.586335
0.869565
1.153623
0.333333
0.333333
0.335632
0.344828
0.344828
0.296425
0.183486
0.183486
0.183486
0.183486
0.183486
0.137200
0.129032
0.129032
0.129032
0.129032
0.129032
0.129032
0.449462
0.885845
0.273973
0.273973
0.832877
2.606897
0.689655
0.757294
0.510333
0.298507
0.298507
0.251793
0.064935
0.064935
0.064935
0.064935
0.064935
0.064935
0.064935
0.064935
0.064935
0.064935
0.064935
0.064935
0.064935
0.064935
0.064935
0.628372
2.384615
3.916667
0.875000
0.442708
0.312500
0.312500
0.261504
0.219780
0.219780
0.219780
0.219780
2.069444
0.277778
0.277778
0.277778
0.819444
1.027778
0.733871
0.572467
0.281690
0.281690
0.281690
0.363898
0.408163
0.770975
1.055556
0.738095
1.011905
0.936047
0.465116
0.409813
0.243902
0.243902
0.243902
0.224558
0.114943
0.114943
0.114943
0.114943
0.114943
0.114943
0.114943
0.114943
0.113218
0.111111
0.111111
0.111111
0.111111
0.111111
0.111111
0.111111
0.111111
1.073159
0.240964
0.240964
0.240964
0.240964
2.024096
0.769231
0.476383
0.350877
0.350877
1.719298
2.083333
0.301515
0.060606
0.060606
0.060606
0.060606
0.060606
0.060606
0.060606
0.060606
0.060606
0.060606
0.060606
0.060606
0.060606
0.060606
0.060606
0.675758
0.665523
0.377358
0.457118
0.882504
0.377358
0.377358
0.334523
0.270270
0.270270
0.270270
0.234927
0.219780
0.219780
0.219780
0.209370
0.150376
0.150376
0.150376
0.150376
0.150376
0.150376
1.083521
0.083333
0.083333
0.083333
0.083333
0.083333
0.083333
0.083333
0.083333
0.083333
0.083333
0.083333
0.121512
0.465116
0.465116
0.079972
0.059701
0.059701
0.059701
0.059701
0.059701
0.059701
0.059701
0.059701
0.059701
0.059701
0.059701
0.059701
0.059701
0.059701
